N	X	Y	Z	FIELD_VALUE
0	0.3333333300	0.6666666700	0.7582080000	0.0037102192
0	0.3256581611	0.6720776431	0.7574148047	0.0037151112
0	0.3461588676	0.6853413300	0.7574296584	0.0036927567
0	0.3664098996	0.7004669045	0.7572450971	0.0036852086
0	0.3803866479	0.7112379579	0.7566824520	0.0036889015
0	0.4003740243	0.7245312821	0.7555760080	0.0037068132
0	0.4203331598	0.7366072257	0.7542063103	0.0037395556
0	0.4401649969	0.7478013892	0.7526382762	0.0037867523
0	0.4599068305	0.7585683489	0.7509740000	0.0038477327
0	0.4795686693	0.7689996497	0.7492364462	0.0039215284
0	0.4991758492	0.7792180250	0.7474535234	0.0040069823
0	0.5187494707	0.7893066942	0.7456442164	0.0041027517
0	0.5383079109	0.7993230401	0.7438231547	0.0042073610
0	0.5578663511	0.8093393859	0.7420020929	0.0043191481
0	0.5774273917	0.8193549023	0.7401828683	0.0044363539
0	0.5969991669	0.8293993622	0.7383716363	0.0045571018
0	0.6165878584	0.8394971936	0.7365732512	0.0046794395
0	0.6361981249	0.8496698042	0.7347916685	0.0048013951
0	0.6558335004	0.8599366664	0.7330302867	0.0049209451
0	0.6754966843	0.8703165251	0.7312922170	0.0050361834
0	0.6951896696	0.8808284143	0.7295804553	0.0051453232
0	0.7149140652	0.8914934009	0.7278982744	0.0052466864
0	0.7346716920	0.9023391780	0.7262500867	0.0053389337
0	0.7544955818	0.9136293256	0.7246828788	0.0054209403
0	0.7743194717	0.9249194731	0.7231156709	0.0054920149
0	0.7941758194	0.9364822180	0.7215985226	0.0055517810
0	0.8140586002	0.9483648400	0.7201375760	0.0056002802
0	0.8339719913	0.9606143203	0.7187515724	0.0056380083
0	0.8538911411	0.9732739028	0.7174381287	0.0056658619
0	0.8737900308	0.9866848352	0.7162710225	0.0056851326
0	0.8936239041	1.0007441515	0.7152345097	0.0056973575
0	0.9132857733	1.0157222953	0.7143991595	0.0057042873
0	0.9328294485	1.0311543391	0.7136821814	0.0057076229
0	0.9508375547	1.0491624453	0.7136821814	0.0057085245
0	0.9688456609	1.0671705515	0.7136821814	0.0057076229
0	0.9842777047	1.0867142267	0.7143991595	0.0057042873
0	0.9992558485	1.1063760959	0.7152345097	0.0056973575
0	1.0133151648	1.1262099692	0.7162710225	0.0056851326
0	1.0267260972	1.1461088589	0.7174381287	0.0056658619
0	1.0393856797	1.1660280087	0.7187515724	0.0056380083
0	1.0516351600	1.1859413998	0.7201375760	0.0056002802
0	1.0635177820	1.2058241806	0.7215985226	0.0055517810
0	1.0750805269	1.2256805283	0.7231156709	0.0054920149
0	1.0863706744	1.2455044182	0.7246828788	0.0054209403
0	1.0976608220	1.2653283080	0.7262500867	0.0053389337
0	1.1085065991	1.2850859348	0.7278982744	0.0052466864
0	1.1191715857	1.3048103304	0.7295804553	0.0051453232
0	1.1296834749	1.3245033157	0.7312922170	0.0050361834
0	1.1400633336	1.3441664996	0.7330302867	0.0049209451
0	1.1503301958	1.3638018751	0.7347916685	0.0048013951
0	1.1605028064	1.3834121416	0.7365732512	0.0046794395
0	1.1706006378	1.4030008331	0.7383716363	0.0045571018
0	1.1806450977	1.4225726083	0.7401828683	0.0044363539
0	1.1906606141	1.4421336489	0.7420020929	0.0043191481
0	1.2006769599	1.4616920891	0.7438231547	0.0042073610
0	1.2106933058	1.4812505293	0.7456442164	0.0041027517
0	1.2207819750	1.5008241508	0.7474535234	0.0040069823
0	1.2310003503	1.5204313307	0.7492364462	0.0039215284
0	1.2414316511	1.5400931695	0.7509740000	0.0038477327
0	1.2521986108	1.5598350031	0.7526382762	0.0037867523
0	1.2633927743	1.5796668402	0.7542063103	0.0037395556
0	1.2754687179	1.5996259757	0.7555760080	0.0037068132
0	1.2887620421	1.6196133521	0.7566824520	0.0036889015
0	1.2995330955	1.6335901004	0.7572450971	0.0036852086
0	1.2995330955	4.6335901004	0.7572450971	0.0036852086
0	1.3146586700	4.6538411324	0.7574296584	0.0036927567
0	1.3279223569	1.6743418389	0.7574148047	0.0037151112
0	1.3333333300	1.6666666700	0.7582080000	0.0037102192
1	0.3333333300	0.6666666700	0.7582080000	0.0039749691
1	0.3334572350	0.6665427600	0.7574586700	0.0039746540
1	0.3248832494	0.6493808147	0.7570341477	0.0039805915
1	0.3147215574	0.6290644736	0.7558904518	0.0040036577
1	0.3046470864	0.6089269994	0.7545525192	0.0040442192
1	0.2947502299	0.5891484305	0.7528958927	0.0041019255
1	0.2848533734	0.5693698616	0.7512392662	0.0041762864
1	0.2750156483	0.5497096878	0.7494912771	0.0042664823
1	0.2652177786	0.5301286864	0.7476850570	0.0043715690
1	0.2554461033	0.5105991988	0.7458420580	0.0044904565
1	0.2456908363	0.4911014823	0.7439767843	0.0046218243
1	0.2359449183	0.4716213240	0.7420993293	0.0047642894
1	0.2262032013	0.4521483332	0.7402169273	0.0049163315
1	0.2164618707	0.4326749722	0.7383347804	0.0050762270
1	0.2067181460	0.4131956778	0.7364567279	0.0052421646
1	0.1969696964	0.3937057401	0.7345860457	0.0054122005
1	0.1872096187	0.3741905352	0.7327329946	0.0055844657
1	0.1774495411	0.3546753304	0.7308799434	0.0057568813
1	0.1676823691	0.3351448597	0.7290376375	0.0059275265
1	0.1579075798	0.3155980907	0.7272068825	0.0060945163
1	0.1481248278	0.2960342625	0.7253883066	0.0062561207
1	0.1383338563	0.2764527991	0.7235824189	0.0064108106
1	0.1285344133	0.2568531028	0.7217897559	0.0065573561
1	0.1187261958	0.2372345364	0.7200108963	0.0066948382
1	0.1089089522	0.2175964787	0.7182464223	0.0068226719
1	0.0990827555	0.1979389128	0.7164964790	0.0069408049
1	0.0892497054	0.1782657671	0.7147582383	0.0070495447
1	0.0794294015	0.1586148727	0.7130033112	0.0071497080
1	0.0696090977	0.1389639783	0.7112483840	0.0072426118
1	0.0598935373	0.1195186072	0.7093470577	0.0073301408
1	0.0503050086	0.1003251429	0.7072822473	0.0074149052
1	0.0414121145	0.0825172659	0.7045111900	0.0075014973
1	0.0337957858	0.0672557784	0.7008658728	0.0075982160
1	0.0278546014	0.0553366777	0.6964681139	0.0077158100
1	0.0233765112	0.0463351538	0.6916301021	0.0078621239
1	0.0198884833	0.0393047598	0.6865792132	0.0080400077
1	0.0176407721	0.0347220181	0.6813442408	0.0082495973
1	0.0153930609	0.0301392765	0.6761092684	0.0084896365
1	0.0135954325	0.0264349230	0.6708281927	0.0087578746
1	0.0121404167	0.0233874280	0.6655192334	0.0090522463
1	0.0109595195	0.0208509885	0.6601924245	0.0093705936
1	0.0100085747	0.0187254279	0.6548536920	0.0097108007
1	0.0092600911	0.0169397871	0.6495067404	0.0100707421
1	0.0086994571	0.0154432235	0.6441540009	0.0104483521
1	0.0083234421	0.0141999620	0.6387971528	0.0108417223
1	0.0081403709	0.0131866752	0.6334374466	0.0112490288
1	0.0081742650	0.0123932774	0.6280759406	0.0116687710
1	0.0087894161	0.0120407348	0.6227149486	0.0120997483
1	0.0094045671	0.0116881922	0.6173539566	0.0125412271
1	0.0103970177	0.0115887831	0.6119960632	0.0129927365
1	0.0118618109	0.0117773466	0.6066449001	0.0134544629
1	0.0139210321	0.0123042531	0.6013064338	0.0139272760
1	0.0167245260	0.0132357936	0.5959903323	0.0144128693
1	0.0204456043	0.0146524191	0.5907116726	0.0149139826
1	0.0252678866	0.0166425289	0.5854925461	0.0154346500
1	0.0313603689	0.0192901911	0.5803625019	0.0159803981
1	0.0388435221	0.0226578246	0.5753563678	0.0165582336
1	0.0477695377	0.0267755144	0.5705101332	0.0171762770
1	0.0590572373	0.0321340989	0.5660035603	0.0178432078
1	0.0703449370	0.0374926835	0.5614969874	0.0185672863
1	0.0826961440	0.0434157649	0.5571800417	0.0193510109
1	0.0959284262	0.0498107445	0.5530405074	0.0201958723
1	0.1098678083	0.0565880482	0.5490584353	0.0210997732
1	0.1243636857	0.0636692197	0.5452108941	0.0220568509
1	0.1392930939	0.0709895440	0.5414753373	0.0230576031
1	0.1545588261	0.0784973905	0.5378313922	0.0240892428
1	0.1700852455	0.0861522468	0.5342615260	0.0251357994
1	0.1858139572	0.0939225960	0.5307511114	0.0261787531
1	0.2017012220	0.1017847325	0.5272885588	0.0271975082
1	0.2177803193	0.1097608272	0.5238854721	0.0281700044
1	0.2338594166	0.1177369219	0.5204823854	0.0290734209
1	0.2500161830	0.1257601325	0.5171038802	0.0298851953
1	0.2662317367	0.1338199164	0.5137441797	0.0305838082
1	0.2824907084	0.1419076023	0.5103984797	0.0311498614
1	0.2987801752	0.1500157230	0.5070626704	0.0315669722
1	0.3150872335	0.1581361527	0.5037325883	0.0318226364
1	0.3314089659	0.1662724012	0.5004072922	0.0319088213
1	0.3477306983	0.1744086497	0.4970819961	0.0318224599
1	0.3640352371	0.1825432019	0.4937510819	0.0315656580
1	0.3803213933	0.1906703188	0.4904141815	0.0311454359
1	0.3965760244	0.1987839278	0.4870670560	0.0305735256
1	0.4127862484	0.2068775109	0.4837056140	0.0298655321
1	0.4289368776	0.2149432912	0.4803251158	0.0290402971
1	0.4450093152	0.2229717594	0.4769198822	0.0281189547
1	0.4610817527	0.2310002277	0.4735146487	0.0271238014
1	0.4769623256	0.2389357290	0.4700499669	0.0260775784
1	0.4926858610	0.2467939357	0.4665378963	0.0250023375
1	0.5082103567	0.2545535922	0.4629673269	0.0239188112
1	0.5234801806	0.2621866304	0.4593243335	0.0228458057
1	0.5384240035	0.2696571054	0.4555923702	0.0217994605
1	0.5529511887	0.2769193602	0.4517523816	0.0207929753
1	0.5669485130	0.2839163684	0.4477834582	0.0198361537
1	0.5802790512	0.2905791649	0.4436644507	0.0189352855
1	0.5927861684	0.2968288589	0.4393768522	0.0180929214
1	0.6043062472	0.3025830450	0.4349088152	0.0173080772
1	0.6158263260	0.3083372311	0.4304407783	0.0165788460
1	0.6251632758	0.3129951329	0.4256452987	0.0158974902
1	0.6331590810	0.3169793510	0.4206909913	0.0152557121
1	0.6398482296	0.3203073884	0.4156093185	0.0146454810
1	0.6453258573	0.3230273637	0.4104319315	0.0140596617
1	0.6497357639	0.3252119436	0.4051870667	0.0134923890
1	0.6532422449	0.3269441023	0.3998969783	0.0129392921
1	0.6560071748	0.3283055285	0.3945776890	0.0123972853
1	0.6581764914	0.3293698021	0.3892400285	0.0118643488
1	0.6598745457	0.3301995625	0.3838910067	0.0113394521
1	0.6612034196	0.3308461463	0.3785350304	0.0108222519
1	0.6625322935	0.3314927300	0.3731790541	0.0103131292
1	0.6633158845	0.3318696505	0.3678159183	0.0098127701
1	0.6639263175	0.3321616692	0.3624512832	0.0093223932
1	0.6644065321	0.3323901611	0.3570857661	0.0088435402
1	0.6647867443	0.3325701253	0.3517197145	0.0083779799
1	0.6650897850	0.3327128571	0.3463533355	0.0079276172
1	0.6653330250	0.3328269214	0.3409867536	0.0074944163
1	0.6655297132	0.3329188287	0.3356200444	0.0070802967
1	0.6656899872	0.3329935443	0.3302532544	0.0066870680
1	0.6658216355	0.3330548727	0.3248864125	0.0063164082
1	0.6659306810	0.3331057378	0.3195195368	0.0059697933
1	0.6660397265	0.3331566029	0.3141526610	0.0056485233
1	0.6661147306	0.3331919853	0.3087857464	0.0053535620
1	0.6661782540	0.3332223570	0.3034188218	0.0050857784
1	0.6662328339	0.3332489726	0.2980518906	0.0048458161
1	0.6662803452	0.3332727975	0.2926849550	0.0046341718
1	0.6663223385	0.3332946778	0.2873180163	0.0044512869
1	0.6663601666	0.3333154324	0.2819510756	0.0042974361
1	0.6663951318	0.3333359914	0.2765841337	0.0041729164
1	0.6664287788	0.3333577306	0.2712171912	0.0040781417
1	0.6664640317	0.3333838890	0.2658502499	0.0040135335
1	0.6665002890	0.3334116490	0.2604833092	0.0039798461
1	0.6665427745	0.3334572205	0.2574607805	0.0039747629
1	0.6666666600	0.3333333300	0.2582080000	0.0039750762
2	0.3333333300	0.6666666700	0.7582080000	0.0039783667
2	0.3333332150	0.6666667800	0.7574596000	0.0039780533
2	0.3221516126	0.6778483824	0.7567595959	0.0039882117
2	0.3119905956	0.6880093994	0.7556226569	0.0040157306
2	0.3020106658	0.6979893292	0.7541178316	0.0040606794
2	0.2920731032	0.7079268918	0.7525400627	0.0041226848
2	0.2822096012	0.7177903938	0.7508429709	0.0042011372
2	0.2723964423	0.7276035527	0.7490698165	0.0042951824
2	0.2626168850	0.7373831100	0.7472478663	0.0044038717
2	0.2528589359	0.7471410591	0.7453953015	0.0045260382
2	0.2431140128	0.7568859822	0.7435245555	0.0046603626
2	0.2333757033	0.7666242917	0.7416446551	0.0048054139
2	0.2236370907	0.7763629043	0.7397651732	0.0049596167
2	0.2138984781	0.7861015169	0.7378856913	0.0051212251
2	0.2041569657	0.7958430293	0.7360102178	0.0052884004
2	0.1944106054	0.8055893896	0.7341414680	0.0054591997
2	0.1846580128	0.8153419822	0.7322814024	0.0056316823
2	0.1748982174	0.8251017776	0.7304314310	0.0058038397
2	0.1651305818	0.8348694132	0.7285925186	0.0059737263
2	0.1553546531	0.8446453419	0.7267653868	0.0061394957
2	0.1455701043	0.8544298907	0.7249505917	0.0062994624
2	0.1357766029	0.8642233921	0.7231487102	0.0064521481
2	0.1259736529	0.8740263421	0.7213605719	0.0065964164
2	0.1161549657	0.8838450293	0.7195955913	0.0067314186
2	0.1063362785	0.8936637165	0.7178306107	0.0068566970
2	0.0965107611	0.9034892339	0.7160757875	0.0069722777
2	0.0866829444	0.9133170506	0.7143243986	0.0070785944
2	0.0768653070	0.9231346880	0.7125578625	0.0071765875
2	0.0670914621	0.9329085329	0.7107277625	0.0072677203
2	0.0573895271	0.9426104679	0.7087983971	0.0073540562
2	0.0480068642	0.9519931308	0.7064862402	0.0074387186
2	0.0393125974	0.9606873976	0.7035431153	0.0075271856
2	0.0319162239	0.9680837711	0.6997712693	0.0076283622
2	0.0261711470	0.9738288480	0.6952981017	0.0077524723
2	0.0218380515	0.9781619435	0.6904194670	0.0079061203
2	0.0184505928	0.9815494022	0.6853453666	0.0080914042
2	0.0162162144	0.9837837806	0.6801038176	0.0083080887
2	0.0139818360	0.9860181590	0.6748622686	0.0085547200
2	0.0121426487	0.9878573463	0.6695799584	0.0088290372
2	0.0105948711	0.9894051239	0.6642728122	0.0091289499
2	0.0092671109	0.9907328841	0.6589498070	0.0094522946
2	0.0081068895	0.9918931055	0.6536163788	0.0097969588
2	0.0070729355	0.9929270595	0.6482760341	0.0101608299
2	0.0061304908	0.9938695042	0.6429311793	0.0105418663
2	0.0052481004	0.9947518946	0.6375835933	0.0109381967
2	0.0043950615	0.9956049335	0.6322347385	0.0113480451
2	0.0035381133	0.9964618817	0.6268860501	0.0117699758
2	0.0025339189	0.9974660761	0.6215441925	0.0122028834
2	0.0015297246	0.9984702704	0.6162023348	0.0126460020
2	0.0003995886	0.9996004064	0.6108671856	0.0130990805
2	-0.0009142573	1.0009142523	0.6055432604	0.0135624195
2	-0.0024807510	1.0024807460	0.6002375777	0.0140370057
2	-0.0043804007	1.0043803957	0.5949609723	0.0145246664
2	-0.0067030376	1.0067030326	0.5897296565	0.0150282851
2	-0.0095411129	1.0095411079	0.5845665315	0.0155520383
2	-0.0129773746	1.0129773696	0.5795011828	0.0161015709
2	-0.0170687175	1.0170687125	0.5745672425	0.0166839645
2	-0.0218377915	1.0218377865	0.5697982121	0.0173072301
2	-0.0277065568	1.0277065518	0.5653680370	0.0179798761
2	-0.0335753222	1.0335753172	0.5609378619	0.0187097315
2	-0.0399375157	1.0399375107	0.5566930640	0.0194992365
2	-0.0467072049	1.0467071999	0.5526196864	0.0203495774
2	-0.0538030628	1.0538030578	0.5486970196	0.0212584540
2	-0.0611549808	1.0611549758	0.5449020851	0.0222198704
2	-0.0687058378	1.0687058328	0.5412127047	0.0232242708
2	-0.0764105123	1.0764105073	0.5376090608	0.0242588825
2	-0.0842339134	1.0842339084	0.5340742347	0.0253077888
2	-0.0921489637	1.0921489587	0.5305942000	0.0263525957
2	-0.1001353651	1.1001353601	0.5271578771	0.0273727898
2	-0.1082068236	1.1082068186	0.5237749247	0.0283464490
2	-0.1162782821	1.1162782771	0.5203919722	0.0292508115
2	-0.1243837639	1.1243837589	0.5170307660	0.0300634053
2	-0.1325145705	1.1325145655	0.5136858981	0.0307627719
2	-0.1406636540	1.1406636490	0.5103529030	0.0313295290
2	-0.1488251649	1.1488251599	0.5070280205	0.0317472037
2	-0.1569936108	1.1569936058	0.5037076790	0.0320032872
2	-0.1651649962	1.1651649912	0.5003892654	0.0320896356
2	-0.1733363816	1.1733363766	0.4970708519	0.0320030720
2	-0.1814957110	1.1814957060	0.4937445429	0.0317455633
2	-0.1896450446	1.1896450396	0.4904117108	0.0313240521
2	-0.1977775898	1.1977775848	0.4870679693	0.0307501480
2	-0.2058869915	1.2058869865	0.4837092836	0.0300393725
2	-0.2139658111	1.2139658061	0.4803310164	0.0292105107
2	-0.2220049433	1.2220049383	0.4769276150	0.0282846701
2	-0.2300440756	1.2300440706	0.4735242137	0.0272841530
2	-0.2379865810	1.2379865760	0.4700608871	0.0262317350
2	-0.2458506923	1.2458506872	0.4665502148	0.0251495294
2	-0.2536158185	1.2536158135	0.4629813133	0.0240583650
2	-0.2612546563	1.2612546513	0.4593405135	0.0229771358
2	-0.2687322110	1.2687322060	0.4556115633	0.0219221084
2	-0.2760040297	1.2760040247	0.4517757254	0.0209066567
2	-0.2830145687	1.2830145637	0.4478123913	0.0199407182
2	-0.2896965763	1.2896965713	0.4437006166	0.0190307739
2	-0.2959728880	1.2959728830	0.4394218861	0.0181795804
2	-0.3017624053	1.3017624003	0.4349640124	0.0173863314
2	-0.3075519226	1.3075519176	0.4305061387	0.0166492891
2	-0.3122625417	1.3122625367	0.4257216526	0.0159608740
2	-0.3163065019	1.3163064969	0.4207773142	0.0153128638
2	-0.3196978638	1.3196978588	0.4157039086	0.0146972197
2	-0.3224812205	1.3224812155	0.4105328522	0.0141067365
2	-0.3247263447	1.3247263397	0.4052925269	0.0135354468
2	-0.3265142996	1.3265142946	0.4000055318	0.0129788708
2	-0.3279258063	1.3279258013	0.3946882715	0.0124338242
2	-0.3290341747	1.3290341697	0.3893519056	0.0118981853
2	-0.3299022186	1.3299022136	0.3840036940	0.0113708961
2	-0.3305817126	1.3305817076	0.3786482185	0.0108515402
2	-0.3312612065	1.3312612015	0.3732927429	0.0103404604
2	-0.3316619081	1.3316619031	0.3679297807	0.0098383031
2	-0.3319739162	1.3319739112	0.3625652482	0.0093462589
2	-0.3322192242	1.3322192192	0.3571997927	0.0088658474
2	-0.3324133238	1.3324133188	0.3518337784	0.0083988195
2	-0.3325679299	1.3325679249	0.3464674222	0.0079470658
2	-0.3326919610	1.3326919560	0.3411008544	0.0075125296
2	-0.3327922223	1.3327922173	0.3357341544	0.0070971523
2	-0.3328739223	1.3328739173	0.3303673704	0.0067027079
2	-0.3329410641	1.3329410591	0.3250005327	0.0063308807
2	-0.3329967520	1.3329967470	0.3196336601	0.0059831441
2	-0.3330524399	1.3330524349	0.3142667874	0.0056608167
2	-0.3330909321	1.3330909271	0.3088998746	0.0053648235
2	-0.3331236967	1.3331236917	0.3035329516	0.0050960514
2	-0.3331520498	1.3331520448	0.2981660219	0.0048551435
2	-0.3331769766	1.3331769716	0.2927990877	0.0046425959
2	-0.3331993085	1.3331993035	0.2874321504	0.0044588580
2	-0.3332197975	1.3332197925	0.2820652112	0.0043042014
2	-0.3332392134	1.3332392084	0.2766982710	0.0041788928
2	-0.3332585554	1.3332585504	0.2713313306	0.0040833626
2	-0.3332798993	1.3332798943	0.2659643923	0.0040180279
2	-0.3333020982	1.3333020932	0.2605974549	0.0039836389
2	-0.3333332166	1.3333332116	0.2574617065	0.0039781622
2	-0.3333333400	1.3333333300	0.2582080000	0.0039784739
