X	Y	Z	FIELD_VALUE
0.0805155000	0.8375345000	0.9308565000	0.0054045177
0.0788641365	0.8384871663	0.9265592100	0.0053829793
0.0771281636	0.8418474567	0.9279094039	0.0052587906
0.0754212315	0.8452554336	0.9291668282	0.0051455315
0.0737444837	0.8487136377	0.9303146642	0.0050433680
0.0720991546	0.8522229311	0.9313365856	0.0049522806
0.0704865758	0.8557817955	0.9322195980	0.0048721874
0.0688739969	0.8593406599	0.9331026105	0.0048028728
0.0673272840	0.8629805743	0.9337126035	0.0047439234
0.0658166196	0.8666542408	0.9341855918	0.0046949880
0.0643389662	0.8703519364	0.9345577429	0.0046557303
0.0628884190	0.8740646839	0.9348795555	0.0046259378
0.0614515403	0.8777821261	0.9352090120	0.0046053744
0.0600193017	0.8814955511	0.9356032378	0.0045938984
0.0588496672	0.8844356652	0.9360250375	0.0045911067
0.0580517380	0.8862644512	0.9363666496	0.0045922156
0.0564226122	0.8898353733	0.9371591820	0.0046008444
0.0547607888	0.8933694541	0.9380510915	0.0046177735
0.0530817979	0.8968669340	0.9390574185	0.0046426952
0.0513988690	0.9003177607	0.9402194535	0.0046752211
0.0497173045	0.9037464916	0.9414524906	0.0047149387
0.0480401158	0.9071446730	0.9427802011	0.0047613316
0.0463689024	0.9105131686	0.9441953595	0.0048138632
0.0447042564	0.9138526158	0.9456913737	0.0048718749
0.0430462345	0.9171636034	0.9472621980	0.0049346187
0.0413945880	0.9204468233	0.9489020876	0.0050012054
0.0397490632	0.9237031226	0.9506057097	0.0050707140
0.0381093333	0.9269335098	0.9523679598	0.0051420586
0.0364750493	0.9301391648	0.9541839277	0.0052140815
0.0348458796	0.9333213654	0.9560490173	0.0052855221
0.0332214653	0.9364815459	0.9579587340	0.0053550871
0.0316014811	0.9396211778	0.9599089132	0.0054214130
0.0299856729	0.9427414056	0.9618963174	0.0054831813
0.0283763700	0.9458314878	0.9639398083	0.0055391368
0.0267670671	0.9489215700	0.9659832992	0.0055881142
0.0251607844	0.9519977779	0.9680519471	0.0056291482
0.0235572302	0.9550621601	0.9701418441	0.0056614359
0.0219569102	0.9581107321	0.9722593595	0.0056844969
0.0203578543	0.9611540190	0.9743861473	0.0056981751
0.0187621625	0.9641802157	0.9765419618	0.0057026339
0.0171664707	0.9672064124	0.9786977764	0.0056984127
0.0155727272	0.9702206014	0.9808733331	0.0056864667
0.0139789180	0.9732333401	0.9830510179	0.0056681265
0.0123844810	0.9762446932	0.9852302842	0.0056450936
0.0107884719	0.9792571536	0.9874066371	0.0056194838
0.0091897310	0.9822733589	0.9895751662	0.0055937949
0.0075864777	0.9852975118	0.9917280010	0.0055708871
0.0059783799	0.9883305550	0.9938632591	0.0055540155
0.0042479161	0.9915958288	0.9960725464	0.0055468419
0.0019203543	0.9960527028	0.9972081086	0.0055615480
0.0000946283	0.9995401857	0.9964800464	0.0055986256
0.0000000000	1.0000000000	1.0000000000	0.0056052339
