X	Y	Z	FIELD_VALUE
0.0805155000	0.8375345000	0.9308565000	0.0059540761
0.0789529044	0.8379199259	0.9263870561	0.0059442250
0.0772133975	0.8413053297	0.9276620957	0.0058711375
0.0755167178	0.8447677866	0.9287632544	0.0058132558
0.0738677517	0.8483055892	0.9296650005	0.0057708283
0.0723175915	0.8519557421	0.9301936281	0.0057437686
0.0705487610	0.8569762383	0.9301335977	0.0057309096
0.0721298474	0.8525930792	0.9314371826	0.0057414189
0.0736855115	0.8491833923	0.9328878312	0.0057667209
0.0754037228	0.8460057678	0.9346729081	0.0058080207
0.0772765390	0.8431310584	0.9368117068	0.0058663017
0.0791893001	0.8403477487	0.9390414652	0.0059421580
0.0811595347	0.8376979690	0.9413903561	0.0060357208
0.0831749436	0.8351444950	0.9438123229	0.0061467986
0.0852285277	0.8326577880	0.9462745725	0.0062748855
0.0873162668	0.8302147025	0.9487529981	0.0064191451
0.0894362858	0.8277969512	0.9512286442	0.0065785376
0.0916132186	0.8253832590	0.9536544542	0.0067517536
0.0937901513	0.8229695668	0.9560802642	0.0069372868
0.0959965421	0.8205478081	0.9584681463	0.0071335295
0.0982320251	0.8181095061	0.9608078784	0.0073386568
0.1004962851	0.8156477021	0.9630901310	0.0075507881
0.1027889141	0.8131567246	0.9653062975	0.0077678959
0.1051093051	0.8106321121	0.9674485235	0.0079879428
0.1074565964	0.8080705597	0.9695097753	0.0082088252
0.1098296103	0.8054699026	0.9714840349	0.0084284367
0.1122268473	0.8028290418	0.9733664247	0.0086446793
0.1146467494	0.8001474026	0.9751522414	0.0088554714
0.1171018272	0.7973951733	0.9767604697	0.0090588168
0.1195569050	0.7946429441	0.9783686979	0.0092527773
0.1220274736	0.7918568506	0.9798852325	0.0094354104
0.1245110339	0.7890405678	0.9813157299	0.0096049403
0.1270051910	0.7861987928	0.9826693977	0.0097597546
0.1295077979	0.7833375297	0.9839600864	0.0098985607
0.1320170641	0.7804646232	0.9852079377	0.0100201731
0.1345312821	0.7775900520	0.9864407116	0.0101239916
0.1370525948	0.7747648012	0.9877772016	0.0102099806
0.1395753352	0.7720135696	0.9892693853	0.0102790816
0.1420936119	0.7693516156	0.9909354712	0.0103336564
0.1445560241	0.7670567766	0.9931835893	0.0103782720
0.1469528882	0.7650378394	0.9957705455	0.0104192385
0.1492469581	0.7635813114	0.9988264458	0.0104629349
0.1515462286	0.7623477755	1.0019830236	0.0105136599
0.1540060117	0.7613714592	1.0051057980	0.0105738635
0.1567291840	0.7605568583	1.0080356114	0.0106448971
0.1596797059	0.7598324001	1.0107436975	0.0107271913
0.1628172174	0.7591570805	1.0132280937	0.0108202305
0.1660931770	0.7584988118	1.0155156035	0.0109224831
0.1694609713	0.7578368609	1.0176521610	0.0110316840
0.1729566929	0.7571071332	1.0195253906	0.0111453801
0.1765001360	0.7563009227	1.0212622396	0.0112607795
0.1800662643	0.7554060403	1.0228986105	0.0113750600
0.1836356334	0.7544193949	1.0244686775	0.0114855853
0.1871951987	0.7533489495	1.0260028915	0.0115900509
0.1906903746	0.7520900748	1.0275425236	0.0116869025
0.1940892550	0.7506613992	1.0291536767	0.0117752399
0.1973379075	0.7490395944	1.0308973806	0.0118549850
0.2003708440	0.7472061663	1.0328255736	0.0119269220
0.2031232352	0.7451545818	1.0349610028	0.0119923177
0.2054844673	0.7428482807	1.0373119073	0.0120525623
0.2076814298	0.7404459103	1.0397303015	0.0121082707
0.2095234829	0.7378368115	1.0422363441	0.0121595483
0.2111382071	0.7350796650	1.0447405150	0.0122059363
0.2125693731	0.7321847327	1.0471965935	0.0122466497
0.2138527060	0.7291608459	1.0495713061	0.0122805874
0.2150200190	0.7260233440	1.0518489898	0.0123065401
0.2161197923	0.7228201899	1.0540630530	0.0123231877
0.2170444190	0.7194098746	1.0560122443	0.0123289842
0.2179690457	0.7159995593	1.0579614357	0.0123227474
0.2187420369	0.7124233922	1.0596409039	0.0123031219
0.2194780999	0.7088069674	1.0612429950	0.0122694515
0.2201502449	0.7051291969	1.0627189787	0.0122215761
0.2207681918	0.7014036593	1.0640866192	0.0121601045
0.2213213106	0.6976272214	1.0653268698	0.0120865323
0.2218402257	0.6938263212	1.0665002228	0.0120032876
0.2222936830	0.6899833446	1.0675474169	0.0119137018
0.2227101543	0.6861194139	1.0685252669	0.0118218589
0.2230916272	0.6822382613	1.0694426941	0.0117324886
0.2234519924	0.6783487725	1.0703305753	0.0116507958
0.2238175118	0.6744657002	1.0712462322	0.0115820803
0.2242380732	0.6706196673	1.0722961460	0.0115314349
0.2248749177	0.6669563846	1.0738272236	0.0115023458
0.2260172581	0.6640246019	1.0763974979	0.0114924218
0.2275498837	0.6619301920	1.0795665666	0.0114900344
0.2291870843	0.6600730738	1.0828378436	0.0114838371
0.2308590306	0.6583046490	1.0861432308	0.0114669836
0.2325438500	0.6565752780	1.0894639231	0.0114359085
0.2342413510	0.6548926348	1.0928036167	0.0113891873
0.2359470697	0.6532495752	1.0961601232	0.0113268679
0.2376599060	0.6516479511	1.0995343948	0.0112499405
0.2393804165	0.6500950762	1.1029291096	0.0111600450
0.2411100601	0.6486026330	1.1063481321	0.0110592284
0.2428508372	0.6471869965	1.1097963644	0.0109498941
0.2445916143	0.6457713600	1.1132445968	0.0108345845
0.2463564704	0.6445408924	1.1167561082	0.0107159570
0.2481388644	0.6434683903	1.1203139445	0.0105965747
0.2499395996	0.6426001122	1.1239218857	0.0104788701
0.2517570939	0.6419988774	1.1275794161	0.0103646514
0.2535845444	0.6417362312	1.1312747849	0.0102549664
0.2554083290	0.6418721375	1.1349795301	0.0101495361
0.2572112468	0.6424241093	1.1386532920	0.0100467621
0.2589809120	0.6433523363	1.1422617198	0.0099440538
0.2607153255	0.6445787622	1.1457911921	0.0098386355
0.2624206439	0.6460193989	1.1492474120	0.0097279462
0.2641259623	0.6474600355	1.1527036319	0.0096102191
0.2657912217	0.6491706016	1.1560455475	0.0094838633
0.2674514961	0.6509372632	1.1593583390	0.0093480196
0.2691116071	0.6527332034	1.1626540799	0.0092023003
0.2707740721	0.6545437566	1.1659398347	0.0090467744
0.2724404211	0.6563595048	1.1692203359	0.0088818939
0.2741116931	0.6581739522	1.1724988986	0.0087084675
0.2757886884	0.6599822634	1.1757779692	0.0085276193
0.2774720903	0.6617805304	1.1790594723	0.0083407392
0.2791625101	0.6635653607	1.1823450213	0.0081494349
0.2808605321	0.6653335699	1.1856360680	0.0079554460
0.2825585541	0.6671017791	1.1889271148	0.0077606241
0.2842718555	0.6688327566	1.1922310308	0.0075668100
0.2859942702	0.6705377762	1.1955444451	0.0073758654
0.2877258208	0.6722137470	1.1988687645	0.0071895851
0.2894664085	0.6738570436	1.2022056489	0.0070096539
0.2912155014	0.6754637434	1.2055570254	0.0068376059
0.2929719578	0.6770296201	1.2089251607	0.0066748910
0.2947337285	0.6785500791	1.2123128219	0.0065227429
0.2964974447	0.6800200582	1.2157235002	0.0063821967
0.2982578104	0.6814339425	1.2191616997	0.0062542063
0.3000066852	0.6827853013	1.2226334076	0.0061395692
0.3017555601	0.6841366601	1.2261051155	0.0060389069
0.3034587009	0.6853555414	1.2296539104	0.0059527445
0.3051024007	0.6864855394	1.2332645458	0.0058814753
0.3066489745	0.6875128925	1.2369542113	0.0058252477
0.3080529405	0.6884247407	1.2407375670	0.0057841721
0.3092514484	0.6892002575	1.2446291245	0.0057580830
0.3101587201	0.6898308621	1.2499417969	0.0057459624
0.3106032131	0.6894708207	1.2525390205	0.0057489125
0.3117988364	0.6881115619	1.2562536542	0.0057659994
0.3187890000	0.6812110000	1.2500000000	0.0058543871
