X	Y	Z	FIELD_VALUE
0.0805155000	0.8375345000	0.9308565000	0.0059545465
0.0789237565	0.8379435858	0.9263590172	0.0059438941
0.0771840407	0.8413297802	0.9276314644	0.0058708999
0.0754870353	0.8447929028	0.9287298016	0.0058131099
0.0738372076	0.8483304335	0.9296309944	0.0057707729
0.0722859876	0.8519799728	0.9301608451	0.0057438061
0.0705243620	0.8569729561	0.9301069970	0.0057310775
0.0724352456	0.8516387031	0.9301018944	0.0057457055
0.0739830852	0.8479858942	0.9295859580	0.0057740892
0.0756537950	0.8444775914	0.9286059176	0.0058178781
0.0773528635	0.8410154545	0.9275076698	0.0058771230
0.0790946482	0.8376297117	0.9262369919	0.0059515236
0.0808706225	0.8343068805	0.9248433192	0.0060404918
0.0826761076	0.8310360234	0.9233601824	0.0061432193
0.0845081602	0.8278084819	0.9218108546	0.0062586196
0.0863654028	0.8246181215	0.9202112845	0.0063854322
0.0882624086	0.8214773820	0.9185566962	0.0065222524
0.0901594144	0.8183366424	0.9169021080	0.0066674210
0.0920764965	0.8152184792	0.9152264132	0.0068192024
0.0940126164	0.8121190969	0.9135367096	0.0069757385
0.0959669901	0.8090350400	0.9118393926	0.0071351484
0.0979390830	0.8059629674	0.9101407313	0.0072954728
0.0999286876	0.8028994362	0.9084475029	0.0074548655
0.1019360516	0.7998406521	0.9067677708	0.0076115466
0.1039620862	0.7967821346	0.9051120245	0.0077639223
0.1060088822	0.7937181789	0.9034953865	0.0079105978
0.1080820822	0.7906398222	0.9019464082	0.0080505053
0.1102305380	0.7875042977	0.9006546717	0.0081829416
0.1123789938	0.7843687733	0.8993629352	0.0083078954
0.1145771750	0.7811974077	0.8982727924	0.0084255424
0.1168360038	0.7779905601	0.8974671083	0.0085369763
0.1191621178	0.7747643588	0.8970441123	0.0086440368
0.1215500902	0.7715582439	0.8970948021	0.0087493485
0.1239781365	0.7684294010	0.8976645061	0.0088556815
0.1264155726	0.7654291096	0.8987277795	0.0089651527
0.1288367230	0.7625811710	0.9002056203	0.0090785948
0.1312275698	0.7598820584	0.9020052952	0.0091955149
0.1335836692	0.7573135560	0.9040461420	0.0093144427
0.1359060240	0.7548530422	0.9062656516	0.0094333205
0.1381869661	0.7525083104	0.9086609374	0.0095498746
0.1404679083	0.7501635786	0.9110562232	0.0096617122
0.1427266270	0.7478746143	0.9135316135	0.0097666330
0.1449859611	0.7455831562	0.9160038866	0.0098627680
0.1472524909	0.7432720995	0.9184490487	0.0099487738
0.1495567488	0.7408179885	0.9206965616	0.0100243780
0.1518690213	0.7381133816	0.9225960041	0.0100911196
0.1540444255	0.7350126620	0.9239293274	0.0101539689
0.1557839974	0.7314684847	0.9245856233	0.0102225876
0.1569014555	0.7276324212	0.9247324617	0.0103083403
0.1571873630	0.7236485569	0.9245488874	0.0104190157
0.1570563650	0.7196593864	0.9243082858	0.0105558443
0.1567359048	0.7156807273	0.9240717358	0.0107158323
0.1562603437	0.7117157526	0.9238719174	0.0108942561
0.1556948706	0.7077602082	0.9237326534	0.0110857808
0.1550729914	0.7038108769	0.9237332340	0.0112848260
0.1544511122	0.6998615457	0.9237338146	0.0114857742
0.1538206984	0.6959143776	0.9238171432	0.0116830861
0.1531969058	0.6919687886	0.9239888832	0.0118715949
0.1525905012	0.6880252185	0.9242534954	0.0120466366
0.1520092942	0.6840848478	0.9246139198	0.0122043394
0.1514487467	0.6801478683	0.9250434885	0.0123416289
0.1509364693	0.6762218827	0.9256219644	0.0124566057
0.1504568855	0.6723073538	0.9263056249	0.0125485296
0.1500066963	0.6684047696	0.9270792295	0.0126178546
0.1495873997	0.6645201487	0.9279621418	0.0126662881
0.1491923656	0.6606617781	0.9289729371	0.0126967386
0.1488073702	0.6568296560	0.9300907100	0.0127131062
0.1484220040	0.6530282143	0.9313168531	0.0127201406
0.1480013226	0.6492716446	0.9326736121	0.0127232232
0.1474659866	0.6455588153	0.9341146356	0.0127281441
0.1462087305	0.6418537219	0.9349711268	0.0127418057
0.1439459372	0.6387696408	0.9337593814	0.0127748513
0.1416069014	0.6361908786	0.9317112830	0.0128223888
0.1392706901	0.6338299027	0.9293923872	0.0128707064
0.1369348071	0.6315401616	0.9269968294	0.0129101668
0.1345944216	0.6293329267	0.9245232212	0.0129354502
0.1322207505	0.6273312478	0.9218987515	0.0129440931
0.1298470793	0.6253295690	0.9192742818	0.0129354297
0.1274407547	0.6235529587	0.9165099050	0.0129098527
0.1250286160	0.6218420809	0.9137062838	0.0128682838
0.1226072301	0.6202693461	0.9108245597	0.0128120687
0.1201781092	0.6188343901	0.9078726808	0.0127426153
0.1177461540	0.6175362420	0.9048552878	0.0126615283
0.1153144011	0.6163672497	0.9017809181	0.0125705340
0.1128838223	0.6153085010	0.8986624823	0.0124717183
0.1104521611	0.6143249407	0.8955183326	0.0123676159
0.1080129331	0.6133588650	0.8923746610	0.0122613861
0.1055558494	0.6123234792	0.8892702941	0.0121567217
0.1030720554	0.6111083183	0.8862612357	0.0120572751
0.1005646201	0.6096220077	0.8834097688	0.0119655740
0.0980488169	0.6078596228	0.8807430695	0.0118821205
0.0955337082	0.6059085532	0.8782223132	0.0118060690
0.0930147620	0.6038993490	0.8757558934	0.0117363717
0.0904869766	0.6018748310	0.8733130044	0.0116723047
0.0879280038	0.5999564652	0.8708130168	0.0116132403
0.0853505639	0.5981294284	0.8682599039	0.0115585006
0.0827385663	0.5964991187	0.8656024183	0.0115073336
0.0801106920	0.5949701734	0.8628969354	0.0114589243
0.0774564172	0.5936439934	0.8601046491	0.0114124704
0.0747927419	0.5924177313	0.8572727732	0.0113672526
0.0721212198	0.5913879619	0.8543649499	0.0113227420
0.0694536395	0.5904532641	0.8514185790	0.0112784959
0.0668106510	0.5897034682	0.8483918413	0.0112343464
0.0641913911	0.5890421600	0.8453206319	0.0111903674
0.0616402742	0.5885520768	0.8421537716	0.0111468680
0.0591363304	0.5881437891	0.8389338726	0.0111043660
0.0567465671	0.5878944075	0.8356040070	0.0110636553
0.0544237158	0.5877221080	0.8322178998	0.0110256060
0.0522386944	0.5877045395	0.8287290143	0.0109913236
0.0501298685	0.5878023352	0.8251909992	0.0109620863
0.0480457742	0.5879869331	0.8216408529	0.0109393708
0.0458772465	0.5884504208	0.8181742470	0.0109248296
0.0427809303	0.5896534419	0.8153206052	0.0109196176
0.0402135150	0.5911440730	0.8145986847	0.0109217304
0.0369944447	0.5933047296	0.8135813439	0.0109303714
0.0339664806	0.5957059831	0.8125138619	0.0109443972
0.0311029620	0.5982904289	0.8114185215	0.0109622371
0.0283464579	0.6009843508	0.8103115593	0.0109820612
0.0257297001	0.6038122440	0.8091991524	0.0110021945
0.0231976305	0.6067168577	0.8080885802	0.0110211248
0.0207728978	0.6097146415	0.8069867837	0.0110376751
0.0184348804	0.6127849509	0.8058984182	0.0110511072
0.0161918435	0.6159317056	0.8048302722	0.0110612086
0.0140118101	0.6191266447	0.8037758898	0.0110683569
0.0119146797	0.6223839238	0.8027463326	0.0110735001
0.0098974587	0.6256958129	0.8017327021	0.0110781364
0.0079386080	0.6290360825	0.8006961412	0.0110844133
0.0059869250	0.6321813721	0.7991219464	0.0110949122
0.0038867000	0.6348102945	0.7968719980	0.0111135680
0.0012830924	0.6363260420	0.7941331787	0.0111451386
-0.0016730724	0.6370434791	0.7914297494	0.0111890775
-0.0047463023	0.6374118375	0.7887927718	0.0112394011
-0.0078558132	0.6375868748	0.7861804666	0.0112898543
-0.0109707226	0.6376996234	0.7835714219	0.0113358306
-0.0140827673	0.6377294742	0.7809562120	0.0113742011
-0.0171857175	0.6376942470	0.7783293659	0.0114029275
-0.0202788103	0.6376111472	0.7756910912	0.0114207398
-0.0233384715	0.6373663815	0.7730215776	0.0114267903
-0.0263981327	0.6371216157	0.7703520639	0.0114206057
-0.0294172117	0.6366888127	0.7676583991	0.0114018240
-0.0324252299	0.6362052419	0.7649606772	0.0113702971
-0.0353959876	0.6355686540	0.7622526363	0.0113259030
-0.0383418897	0.6348338181	0.7595421259	0.0112686258
-0.0412558554	0.6339856999	0.7568300491	0.0111985270
-0.0441698212	0.6331375816	0.7541179723	0.0111157942
-0.0470085038	0.6320558821	0.7514094399	0.0110205247
-0.0497978860	0.6308404624	0.7487068686	0.0109128388
-0.0525351866	0.6294955345	0.7460131006	0.0107929057
-0.0552179591	0.6280249858	0.7433310763	0.0106609303
-0.0578453860	0.6264349632	0.7406636191	0.0105170469
-0.0604169389	0.6247306675	0.7380137176	0.0103615490
-0.0629369813	0.6229246422	0.7353833188	0.0101947983
-0.0654107234	0.6210286199	0.7327740508	0.0100172403
-0.0678446498	0.6190544590	0.7301871458	0.0098295255
-0.0702462418	0.6170138850	0.7276234910	0.0096324773
-0.0726236249	0.6149181745	0.7250837456	0.0094271528
-0.0749852205	0.6127779444	0.7225684391	0.0092147903
-0.0773395128	0.6106030570	0.7200781040	0.0089967826
-0.0796938050	0.6084281696	0.7175877688	0.0087747526
-0.0820499580	0.6062061716	0.7151449597	0.0085503413
-0.0844218827	0.6039724375	0.7127305127	0.0083252970
-0.0868177025	0.6017359185	0.7103446538	0.0081014202
-0.0892450214	0.5995038694	0.7079890146	0.0078804245
-0.0917112013	0.5972831316	0.7056658215	0.0076639967
-0.0942234115	0.5950803553	0.7033778832	0.0074537140
-0.0967886520	0.5929021084	0.7011286685	0.0072510294
-0.0994137734	0.5907549636	0.6989224165	0.0070572577
-0.1021055020	0.5886455795	0.6967642874	0.0068735611
-0.1048705113	0.5865808175	0.6946605871	0.0067009834
-0.1076355207	0.5845160555	0.6925568869	0.0065405139
-0.1105469221	0.5825485370	0.6905696821	0.0063928933
-0.1135537629	0.5806498685	0.6886658230	0.0062588344
-0.1166607816	0.5788277593	0.6868578073	0.0061389388
-0.1198767092	0.5770942431	0.6851657076	0.0060337793
-0.1232126790	0.5754662222	0.6836183806	0.0059438379
-0.1266826329	0.5739694689	0.6822584485	0.0058695386
-0.1302200145	0.5725464540	0.6810054003	0.0058112743
-0.1339954819	0.5714616694	0.6802304478	0.0057690347
-0.1378721335	0.5706021932	0.6797452134	0.0057425622
-0.1429866695	0.5705506482	0.6801303200	0.0057306789
-0.1477581894	0.5722114759	0.6802166189	0.0057422495
-0.1514132339	0.5737544549	0.6797020679	0.0057682779
-0.1549558285	0.5753984724	0.6788110024	0.0058096676
-0.1584242372	0.5770901580	0.6777219055	0.0058665252
-0.1618142956	0.5788256096	0.6764543166	0.0059386216
-0.1624655000	0.5805155000	0.6808565000	0.0059545465
