X	Y	Z	FIELD_VALUE
0.0805155000	0.8375345000	0.9308565000	0.0059547349
0.0789494830	0.8379178798	0.9263696804	0.0059448933
0.0772093076	0.8413028587	0.9276449543	0.0058717159
0.0755116018	0.8447645412	0.9287470395	0.0058137473
0.0738611673	0.8483011214	0.9296510726	0.0057712390
0.0723090500	0.8519499522	0.9301833627	0.0057441085
0.0705319460	0.8569812189	0.9301309313	0.0057311764
0.0662204347	0.8584516600	0.9306536276	0.0057445671
0.0623001002	0.8588661018	0.9313473418	0.0057770217
0.0583814356	0.8591623832	0.9321132717	0.0058267526
0.0544785543	0.8593426839	0.9329968592	0.0058919097
0.0506014228	0.8594473064	0.9340076442	0.0059710874
0.0467593189	0.8594968679	0.9351585223	0.0060632629
0.0429953598	0.8594883099	0.9365629956	0.0061677433
0.0392314006	0.8594797520	0.9379674689	0.0062840369
0.0355161408	0.8594498399	0.9395060324	0.0064116807
0.0318525982	0.8594072257	0.9411735371	0.0065503456
0.0282422021	0.8593597277	0.9429623609	0.0066997724
0.0246848965	0.8593146538	0.9448632459	0.0068595505
0.0211794177	0.8592789621	0.9468661624	0.0070292321
0.0177236348	0.8592594039	0.9489609914	0.0072083305
0.0143149475	0.8592626615	0.9511380934	0.0073961390
0.0109507404	0.8592956399	0.9533888143	0.0075918723
0.0076298020	0.8593673435	0.9557073159	0.0077946128
0.0043781540	0.8595282078	0.9581254712	0.0080033357
0.0011265061	0.8596890720	0.9605436266	0.0082169530
-0.0020886986	0.8599047074	0.9630095955	0.0084341500
-0.0052684324	0.8601817278	0.9655184765	0.0086536275
-0.0084130776	0.8605266837	0.9680659416	0.0088740123
-0.0115223812	0.8609460239	0.9706481606	0.0090939339
-0.0145954653	0.8614460663	0.9732616726	0.0093119492
-0.0176308619	0.8620328760	0.9759032690	0.0095266635
-0.0206265400	0.8627122314	0.9785698981	0.0097367112
-0.0235798248	0.8634899105	0.9812586162	0.0099407455
-0.0264858072	0.8643754101	0.9839670184	0.0101375044
-0.0293010058	0.8654596366	0.9867009510	0.0103258438
-0.0321162045	0.8665438631	0.9894348836	0.0105046883
-0.0348786081	0.8677366858	0.9921781722	0.0106728915
-0.0375860228	0.8690382718	0.9949272892	0.0108294654
-0.0402369198	0.8704473337	0.9976786786	0.0109735576
-0.0428306398	0.8719611434	1.0004288257	0.0111043635
-0.0453675273	0.8735756046	1.0031743731	0.0112211574
-0.0478488960	0.8752855908	1.0059122048	0.0113232797
-0.0502764642	0.8770860014	1.0086394414	0.0114102085
-0.0526556482	0.8789667304	1.0113540880	0.0114815062
-0.0549916470	0.8809207344	1.0140532169	0.0115368545
-0.0572870078	0.8829407669	1.0167373801	0.0115761713
-0.0595645922	0.8849900115	1.0194139304	0.0115995443
-0.0617910536	0.8871359058	1.0220547015	0.0116072210
-0.0640175151	0.8892818000	1.0246954726	0.0115997748
-0.0662112097	0.8915009075	1.0273000682	0.0115780553
-0.0683962132	0.8937387742	1.0298951504	0.0115432764
-0.0705674325	0.8960037884	1.0324771870	0.0114970960
-0.0727111820	0.8983043678	1.0350499874	0.0114417391
-0.0747984976	0.9006584855	1.0376205858	0.0113801596
-0.0768429234	0.9030469948	1.0401941613	0.0113161232
-0.0786108486	0.9056266932	1.0427896377	0.0112541811
-0.0801238354	0.9083554428	1.0453945523	0.0111987019
-0.0809296078	0.9114301402	1.0479216358	0.0111520536
-0.0813924980	0.9146604836	1.0503284719	0.0111133937
-0.0814614786	0.9181071127	1.0524384882	0.0110808046
-0.0814994029	0.9216260535	1.0544155590	0.0110526555
-0.0815763038	0.9252431508	1.0561885014	0.0110279964
-0.0817366744	0.9289075073	1.0578462529	0.0110063655
-0.0820067211	0.9326108463	1.0593905948	0.0109877685
-0.0824158821	0.9363420684	1.0608249169	0.0109726961
-0.0830184772	0.9400903722	1.0621310633	0.0109619543
-0.0841509544	0.9451454815	1.0636680938	0.0109561662
-0.0843342138	0.9435692568	1.0682779122	0.0109660662
-0.0845616523	0.9421769521	1.0721761062	0.0109872552
-0.0848285464	0.9406907329	1.0760337190	0.0110169242
-0.0851925717	0.9390068158	1.0797932480	0.0110526765
-0.0856110297	0.9372268302	1.0834981699	0.0110926740
-0.0861486308	0.9352737425	1.0870899708	0.0111355913
-0.0867477866	0.9332450571	1.0906252468	0.0111804060
-0.0874565537	0.9311061240	1.0940666932	0.0112264304
-0.0883155023	0.9288619331	1.0973963916	0.0112732571
-0.0892527614	0.9265755147	1.1006715087	0.0113207920
-0.0903552577	0.9242283244	1.1038424091	0.0113691174
-0.0915427859	0.9218588459	1.1069615430	0.0114185859
-0.0929056462	0.9194605311	1.1099771888	0.0114697318
-0.0943569804	0.9170531506	1.1129396938	0.0115231490
-0.0959808696	0.9146367470	1.1157950288	0.0115796261
-0.0976849433	0.9122190552	1.1185979558	0.0116399240
-0.0994925005	0.9098017658	1.1213299692	0.0117047791
-0.1013174129	0.9073836234	1.1240486011	0.0117749557
-0.1030456166	0.9049597792	1.1268296292	0.0118512788
-0.1045151682	0.9025342961	1.1297662345	0.0119349188
-0.1057818608	0.9001168589	1.1328106921	0.0120267775
-0.1067075559	0.8977307824	1.1360113374	0.0121265684
-0.1074902487	0.8953655041	1.1392696699	0.0122322386
-0.1082556386	0.8930031153	1.1425347354	0.0123405937
-0.1090249063	0.8906418178	1.1457996686	0.0124484080
-0.1098634788	0.8882723621	1.1490395565	0.0125529910
-0.1108139837	0.8858901496	1.1522354274	0.0126521988
-0.1119024194	0.8834944955	1.1553720590	0.0127443922
-0.1131440862	0.8810874334	1.1584365725	0.0128282841
-0.1145367880	0.8786733795	1.1614236405	0.0129025814
-0.1160763176	0.8762572291	1.1643295066	0.0129660976
-0.1177547213	0.8738448648	1.1671541535	0.0130175503
-0.1195634796	0.8714379615	1.1698952463	0.0130556725
-0.1214311747	0.8690351306	1.1725970172	0.0130791881
-0.1234987245	0.8666542439	1.1751581723	0.0130871446
-0.1255662743	0.8642733572	1.1777193274	0.0130791867
-0.1278007274	0.8619077484	1.1801397733	0.0130560708
-0.1300723348	0.8595367241	1.1825165148	0.0130204508
-0.1324550720	0.8571325317	1.1847335481	0.0129782018
-0.1349462893	0.8546746771	1.1867479371	0.0129400565
-0.1384423334	0.8519630655	1.1875048126	0.0129217715
-0.1389521354	0.8487978294	1.1879412325	0.0129396873
-0.1385989571	0.8448312963	1.1883108841	0.0130123212
-0.1381772695	0.8408665172	1.1886176443	0.0131328238
-0.1377702757	0.8368993023	1.1889114893	0.0132903769
-0.1374306894	0.8329287358	1.1892463073	0.0134737711
-0.1371792658	0.8289568568	1.1896429994	0.0136718364
-0.1370393672	0.8249872380	1.1901165472	0.0138734891
-0.1369658057	0.8210213452	1.1906378267	0.0140677845
-0.1370286926	0.8170685685	1.1912591948	0.0142443537
-0.1371602045	0.8131252175	1.1919318261	0.0143936574
-0.1374107951	0.8092020106	1.1926901805	0.0145073727
-0.1377204039	0.8052895687	1.1934844082	0.0145788613
-0.1382340552	0.8014334663	1.1944454817	0.0146033140
-0.1387477065	0.7975773639	1.1954065551	0.0145783704
-0.1394579857	0.7937960773	1.1965391693	0.0145035989
-0.1402205369	0.7900370071	1.1977143818	0.0143809605
-0.1410855625	0.7863308899	1.1989908126	0.0142144090
-0.1420069352	0.7826590925	1.2003305629	0.0140095791
-0.1430341659	0.7790628574	1.2018027400	0.0137733803
-0.1441087452	0.7755082168	1.2033461868	0.0135135428
-0.1452758093	0.7720584365	1.2050651065	0.0132380585
-0.1464788987	0.7686729155	1.2068923803	0.0129546101
-0.1477089607	0.7653655149	1.2088508072	0.0126706224
-0.1489487189	0.7621472053	1.2109581182	0.0123925651
-0.1501743947	0.7590288425	1.2132310460	0.0121259228
-0.1513554667	0.7560226104	1.2156863522	0.0118750614
-0.1525365387	0.7530163784	1.2181416584	0.0116437700
-0.1535532317	0.7502648306	1.2209724230	0.0114340862
-0.1543923186	0.7476803418	1.2240284266	0.0112472078
-0.1549815743	0.7452898390	1.2273109024	0.0110837785
-0.1552288548	0.7431322652	1.2308088576	0.0109436172
-0.1550976040	0.7412149524	1.2344621478	0.0108256621
-0.1543136045	0.7396954712	1.2382281144	0.0107272339
-0.1531318066	0.7383989711	1.2419718005	0.0106447594
-0.1514005629	0.7373322312	1.2455588256	0.0105751793
-0.1495093842	0.7362209595	1.2490419710	0.0105160565
-0.1474557092	0.7349363253	1.2523563581	0.0104652871
-0.1452351772	0.7333184457	1.2553829677	0.0104194874
-0.1428051049	0.7310694914	1.2577179736	0.0103729695
-0.1403246320	0.7286032432	1.2597356180	0.0103188762
-0.1378161762	0.7259557261	1.2614422778	0.0102521588
-0.1352995004	0.7231865389	1.2629093027	0.0101695562
-0.1327862259	0.7203393087	1.2642111329	0.0100695901
-0.1302763916	0.7174854943	1.2655044871	0.0099519321
-0.1277727941	0.7146345550	1.2668177009	0.0098169876
-0.1252771018	0.7117974544	1.2681789220	0.0096657692
-0.1227913232	0.7089818342	1.2696066491	0.0094994967
-0.1203177563	0.7061933746	1.2711131206	0.0093196978
-0.1178441894	0.7034049149	1.2726195920	0.0091281601
-0.1153994348	0.7006773390	1.2742893306	0.0089266816
-0.1129742441	0.6979879156	1.2760545262	0.0087171745
-0.1105706582	0.6953377443	1.2779137730	0.0085016679
-0.1081906086	0.6927272197	1.2798645543	0.0082822010
-0.1058357211	0.6901556911	1.2819027800	0.0080608727
-0.1035072889	0.6876213980	1.2840230058	0.0078397769
-0.1012062637	0.6851214357	1.2862186414	0.0076210498
-0.0989333398	0.6826517363	1.2884822025	0.0074067103
-0.0966889933	0.6802070337	1.2908054092	0.0071988131
-0.0944735676	0.6777807896	1.2931792214	0.0069992658
-0.0922581419	0.6753545455	1.2955530337	0.0068099327
-0.0900985092	0.6729484623	1.2980037166	0.0066324874
-0.0879693623	0.6705351625	1.3004755699	0.0064684156
-0.0858715190	0.6681008209	1.3029540734	0.0063191367
-0.0838069559	0.6656283937	1.3054219620	0.0061857493
-0.0817791587	0.6630962508	1.3078569845	0.0060691579
-0.0797941539	0.6604767276	1.3102291093	0.0059699903
-0.0778624850	0.6577347184	1.3124964187	0.0058885034
-0.0759684551	0.6549052549	1.3146799819	0.0058247137
-0.0741769888	0.6518596073	1.3166291355	0.0057781676
-0.0725451730	0.6485460538	1.3182237044	0.0057479935
-0.0711281144	0.6449897358	1.3194248000	0.0057331381
-0.0705319460	0.6430187811	1.3198690687	0.0057311764
-0.0723090500	0.6480500478	1.3198166373	0.0057441085
-0.0738611673	0.6516988786	1.3203489274	0.0057712390
-0.0755116018	0.6552354588	1.3212529605	0.0058137473
-0.0772093076	0.6586971413	1.3223550457	0.0058717159
-0.0789494830	0.6620821202	1.3236303196	0.0059448933
-0.0805155000	0.6624655000	1.3191435000	0.0059547349
