N	X	Y	Z	FIELD_VALUE
0	0.0231100000	0.2500000000	0.2500000000	0.0020402405
0	0.0169315830	0.2527087936	0.2504512411	0.0020227099
0	0.0170205901	0.2491293885	0.2467524976	0.0020158782
0	0.0171023477	0.2455535967	0.2430500935	0.0020045206
0	0.0171729467	0.2419836129	0.2393418595	0.0019887444
0	0.0172324819	0.2384206473	0.2356266881	0.0019686945
0	0.0172814322	0.2348655264	0.2319038549	0.0019446163
0	0.0173204472	0.2313191659	0.2281725586	0.0019168307
0	0.0173502785	0.2277826724	0.2244318246	0.0018857040
0	0.0173801098	0.2242461789	0.2206910905	0.0018516786
0	0.0173938874	0.2207303575	0.2169308276	0.0018152334
0	0.0173997827	0.2172289397	0.2131571284	0.0017769008
0	0.0173990717	0.2137434674	0.2093686920	0.0017372412
0	0.0173929202	0.2102763467	0.2055634583	0.0016968281
0	0.0173828363	0.2068306637	0.2017388101	0.0016562823
0	0.0173707754	0.2034105035	0.1978913269	0.0016162624
0	0.0173594915	0.2000213905	0.1940164653	0.0015774545
0	0.0173532495	0.1966712886	0.1901078152	0.0015405576
0	0.0173589234	0.1933724967	0.1861557641	0.0015063181
0	0.0173885486	0.1901458935	0.1821446644	0.0014755290
0	0.0174181737	0.1869192902	0.1781335647	0.0014490364
0	0.0175456580	0.1839226496	0.1739497076	0.0014277659
0	0.0178229123	0.1812109637	0.1695827113	0.0014126272
0	0.0184744620	0.1791710282	0.1649013745	0.0014043455
0	0.0205560458	0.1797499598	0.1599778884	0.0014021348
0	0.0233649160	0.1817688798	0.1555084264	0.0014037959
0	0.0259149442	0.1835627655	0.1514120746	0.0014075469
0	0.0284613954	0.1853365978	0.1473047796	0.0014126428
0	0.0310065230	0.1870970275	0.1431909030	0.0014184546
0	0.0335526316	0.1888323730	0.1390669881	0.0014244365
0	0.0361021203	0.1905514901	0.1349383671	0.0014301199
0	0.0386560646	0.1922555569	0.1308062621	0.0014351562
0	0.0412220704	0.1939303996	0.1266696834	0.0014392752
0	0.0437934281	0.1955926420	0.1225313459	0.0014423034
0	0.0463735101	0.1972362243	0.1183909859	0.0014441207
0	0.0490046841	0.1987991047	0.1142515298	0.0014447173
0	0.0516358580	0.2003619850	0.1101120738	0.0014441444
0	0.0543402899	0.2018184167	0.1059810180	0.0014425540
0	0.0570774433	0.2032304126	0.1018560906	0.0014401497
0	0.0598879247	0.2045328488	0.0977444459	0.0014371570
0	0.0627681344	0.2057421080	0.0936526430	0.0014339270
0	0.0657762491	0.2067697968	0.0896034617	0.0014307942
0	0.0688941628	0.2076372703	0.0856001042	0.0014281270
0	0.0722012070	0.2082185217	0.0816980057	0.0014262145
0	0.0767787834	0.2085462801	0.0767787834	0.0014252648
0	0.0816980057	0.2082185217	0.0722012070	0.0014262145
0	0.0856001042	0.2076372703	0.0688941628	0.0014281270
0	0.0896034617	0.2067697968	0.0657762491	0.0014307942
0	0.0936526430	0.2057421080	0.0627681344	0.0014339270
0	0.0977444459	0.2045328488	0.0598879247	0.0014371570
0	0.1018560906	0.2032304126	0.0570774433	0.0014401497
0	0.1059810180	0.2018184167	0.0543402899	0.0014425540
0	0.1101120738	0.2003619850	0.0516358580	0.0014441444
0	0.1142515298	0.1987991047	0.0490046841	0.0014447173
0	0.1183909859	0.1972362243	0.0463735101	0.0014441207
0	0.1225313459	0.1955926420	0.0437934281	0.0014423034
0	0.1266696834	0.1939303996	0.0412220704	0.0014392752
0	0.1308062621	0.1922555569	0.0386560646	0.0014351562
0	0.1349383671	0.1905514901	0.0361021203	0.0014301199
0	0.1390669881	0.1888323730	0.0335526316	0.0014244365
0	0.1431909030	0.1870970275	0.0310065230	0.0014184546
0	0.1473047796	0.1853365978	0.0284613954	0.0014126428
0	0.1514120746	0.1835627655	0.0259149442	0.0014075469
0	0.1555084264	0.1817688798	0.0233649160	0.0014037959
0	0.1599778885	0.1797499598	0.0205560457	0.0014021348
0	0.1649013745	0.1791710282	0.0184744620	0.0014043455
0	0.1695827113	0.1812109637	0.0178229123	0.0014126272
0	0.1739497076	0.1839226496	0.0175456580	0.0014277659
0	0.1781335647	0.1869192902	0.0174181737	0.0014490364
0	0.1821446644	0.1901458935	0.0173885486	0.0014755290
0	0.1861557641	0.1933724967	0.0173589234	0.0015063181
0	0.1901078152	0.1966712886	0.0173532495	0.0015405576
0	0.1940164653	0.2000213905	0.0173594915	0.0015774545
0	0.1978913269	0.2034105035	0.0173707754	0.0016162624
0	0.2017388101	0.2068306637	0.0173828363	0.0016562823
0	0.2055634583	0.2102763467	0.0173929202	0.0016968281
0	0.2093686920	0.2137434674	0.0173990717	0.0017372412
0	0.2131571284	0.2172289397	0.0173997827	0.0017769008
0	0.2169308276	0.2207303575	0.0173938874	0.0018152334
0	0.2206910905	0.2242461789	0.0173801098	0.0018516786
0	0.2244318246	0.2277826724	0.0173502785	0.0018857040
0	0.2281725586	0.2313191659	0.0173204472	0.0019168307
0	0.2319038549	0.2348655264	0.0172814322	0.0019446163
0	0.2356266881	0.2384206473	0.0172324819	0.0019686945
0	0.2393418595	0.2419836129	0.0171729467	0.0019887444
0	0.2430500935	0.2455535967	0.0171023477	0.0020045206
0	0.2467524976	0.2491293885	0.0170205901	0.0020158782
0	0.2504512412	0.2527087936	0.0169315830	0.0020227099
0	0.2500000000	0.2500000000	0.0231100000	0.0020402405
1	0.0231100000	0.2500000000	0.2500000000	0.0021428867
1	0.0143566238	0.2486345117	0.2478411528	0.0021040136
1	0.0142834743	0.2450162818	0.2441800288	0.0020972285
1	0.0141930472	0.2413997562	0.2405176071	0.0020860061
1	0.0140755201	0.2377859416	0.2368532792	0.0020704772
1	0.0139287071	0.2341753917	0.2331867900	0.0020508658
1	0.0137507052	0.2305686473	0.2295179377	0.0020274645
1	0.0135380802	0.2269664729	0.2258464397	0.0020005810
1	0.0132886576	0.2233695760	0.2221720842	0.0019706598
1	0.0129997697	0.2197787808	0.2184946529	0.0019381187
1	0.0127108817	0.2161879855	0.2148172217	0.0019034664
1	0.0123430566	0.2126105659	0.2111338074	0.0018671986
1	0.0119232032	0.2090429964	0.2074464047	0.0018299185
1	0.0114476564	0.2054868451	0.2037547370	0.0017921699
1	0.0109099347	0.2019444793	0.2000583513	0.0017545721
1	0.0103014876	0.1984191003	0.1963566946	0.0017177621
1	0.0096108299	0.1949151717	0.1926491019	0.0016824079
1	0.0088216836	0.1914392583	0.1889347996	0.0016492144
1	0.0079092605	0.1880017430	0.1852130071	0.0016189304
1	0.0068321092	0.1846207632	0.1814834644	0.0015923466
1	0.0057168505	0.1812536839	0.1777525473	0.0015703470
1	0.0041323918	0.1780783816	0.1740232427	0.0015538075
1	0.0021316797	0.1751037987	0.1703286825	0.0015435394
1	-0.0016334180	0.1727665815	0.1667544697	0.0015398037
1	-0.0060596460	0.1715368712	0.1650029479	0.0015421865
1	-0.0107740908	0.1703260355	0.1633270436	0.0015492712
1	-0.0155451575	0.1691988709	0.1617563147	0.0015602578
1	-0.0203321372	0.1681002594	0.1602140290	0.0015744151
1	-0.0251362130	0.1670396150	0.1586985564	0.0015909867
1	-0.0299506984	0.1660109310	0.1571941274	0.0016093264
1	-0.0347710171	0.1650106166	0.1556892466	0.0016287981
1	-0.0395937264	0.1640366568	0.1541747682	0.0016488256
1	-0.0444159421	0.1630881663	0.1526426557	0.0016688866
1	-0.0492349091	0.1621654599	0.1510847926	0.0016885161
1	-0.0540387218	0.1612946218	0.1494520673	0.0017073114
1	-0.0588425345	0.1604237838	0.1478193419	0.0017249349
1	-0.0636350107	0.1595821809	0.1461386744	0.0017411154
1	-0.0684124498	0.1587722762	0.1444006016	0.0017556528
1	-0.0731703940	0.1579974889	0.1425943792	0.0017684089
1	-0.0779034019	0.1572611625	0.1407083179	0.0017793641
1	-0.0826158415	0.1565535832	0.1387607524	0.0017884872
1	-0.0872692695	0.1559171199	0.1366533155	0.0017958621
1	-0.0918777527	0.1553259042	0.1344367610	0.0018016072
1	-0.0964212985	0.1547909749	0.1320765049	0.0018059078
1	-0.1008690994	0.1543415390	0.1295238901	0.0018089466
1	-0.1051943576	0.1539750913	0.1267564681	0.0018109904
1	-0.1093859253	0.1536874306	0.1237817783	0.0018122587
1	-0.1134854840	0.1534574302	0.1206767042	0.0018129644
1	-0.1171220451	0.1534590619	0.1170330537	0.0018131700
1	-0.1207586061	0.1534606935	0.1133894033	0.0018129640
1	-0.1238566925	0.1536936351	0.1092847272	0.0018122554
1	-0.1268377555	0.1539795784	0.1050975722	0.0018109797
1	-0.1295804663	0.1543541304	0.1007572939	0.0018089229
1	-0.1321027197	0.1548137598	0.0962932435	0.0018058643
1	-0.1344668523	0.1553485406	0.0917516959	0.0018015364
1	-0.1367153505	0.1559283821	0.0871572638	0.0017957585
1	-0.1387771905	0.1565851522	0.0824862643	0.0017883466
1	-0.1407672635	0.1572737269	0.0777887925	0.0017791816
1	-0.1426536393	0.1580097426	0.0730558616	0.0017681846
1	-0.1444565697	0.1587856128	0.0682968454	0.0017553866
1	-0.1461913212	0.1595967395	0.0635184066	0.0017408089
1	-0.1478690336	0.1604393517	0.0587250723	0.0017245913
1	-0.1494991368	0.1613110201	0.0539205198	0.0017069357
1	-0.1510899801	0.1622099723	0.0491078417	0.0016881141
1	-0.1526493267	0.1631350790	0.0442898148	0.0016684665
1	-0.1542086733	0.1640601858	0.0394717880	0.0016483984
1	-0.1557224897	0.1650340559	0.0346488528	0.0016283760
1	-0.1572263183	0.1660343936	0.0298282105	0.0016089226
1	-0.1587294400	0.1670629545	0.0250132905	0.0015906159
1	-0.1602431571	0.1681232847	0.0202085920	0.0015740932
1	-0.1617828825	0.1692210538	0.0154205949	0.0015600019
1	-0.1633731735	0.1703680392	0.0106607455	0.0015490996
1	-0.1650318359	0.1715646461	0.0059365801	0.0015421181
1	-0.1667492504	0.1727695525	0.0016281121	0.0015398516
1	-0.1703227860	0.1751059584	-0.0021360584	0.0015435859
1	-0.1740174752	0.1780804346	-0.0041366911	0.0015538533
1	-0.1777468844	0.1812556613	-0.0057210551	0.0015703928
1	-0.1814778803	0.1846226829	-0.0068362243	0.0015923930
1	-0.1852075000	0.1880036054	-0.0079132886	0.0016189778
1	-0.1889293627	0.1914410677	-0.0088256254	0.0016492634
1	-0.1926437313	0.1949169294	-0.0096146870	0.0016824587
1	-0.1963513884	0.1984208063	-0.0103052618	0.0017178150
1	-0.2000531085	0.2019461327	-0.0109136278	0.0017546273
1	-0.2037495571	0.2054884448	-0.0114512701	0.0017922277
1	-0.2074412879	0.2090445410	-0.0119267392	0.0018299788
1	-0.2111287540	0.2126120540	-0.0123465167	0.0018672616
1	-0.2148122319	0.2161894157	-0.0127142678	0.0019035320
1	-0.2184897278	0.2197801504	-0.0130030850	0.0019381869
1	-0.2221672236	0.2233708852	-0.0132919022	0.0019707304
1	-0.2258416443	0.2269677203	-0.0135412557	0.0020006539
1	-0.2295132078	0.2305698319	-0.0137538136	0.0020275396
1	-0.2331821263	0.2341765122	-0.0139317501	0.0020509427
1	-0.2368486820	0.2377869971	-0.0140784996	0.0020705557
1	-0.2405130770	0.2414007457	-0.0141959649	0.0020860761
1	-0.2441755662	0.2450172045	-0.0142863318	0.0020973091
1	-0.2478367579	0.2486353671	-0.0143594221	0.0021040949
1	-0.2500000000	0.2500000000	-0.0231100000	0.0021429498
2	0.0231100000	0.2500000000	0.2500000000	0.0021711756
2	0.0174242519	0.2465054418	0.2534945582	0.0021517407
2	0.0152622482	0.2498089631	0.2501910369	0.0021403134
2	0.0151756900	0.2500000000	0.2500000000	0.0021402810
2	0.0151756880	0.2463598924	0.2463598924	0.0021380723
2	0.0151270348	0.2427199473	0.2427199473	0.0021314645
2	0.0150641829	0.2390801110	0.2390801110	0.0021206396
2	0.0149786118	0.2354405062	0.2354405062	0.0021057058
2	0.0148685104	0.2318012312	0.2318012312	0.0020869428
2	0.0147325807	0.2281623928	0.2281623928	0.0020646586
2	0.0145681047	0.2245241436	0.2245241436	0.0020392483
2	0.0143735894	0.2208866354	0.2208866354	0.0020111074
2	0.0141471464	0.2172500511	0.2172500511	0.0019807459
2	0.0139207035	0.2136134668	0.2136134668	0.0019486546
2	0.0136308872	0.2099791323	0.2099791323	0.0019153688
2	0.0132998719	0.2063465577	0.2063465577	0.0018814821
2	0.0129250467	0.2027161119	0.2027161119	0.0018475866
2	0.0125015649	0.1990883419	0.1990883419	0.0018143139
2	0.0120228662	0.1954640065	0.1954640065	0.0017823275
2	0.0114797652	0.1918442131	0.1918442131	0.0017523293
2	0.0108583888	0.1882307204	0.1882307204	0.0017250698
2	0.0101354294	0.1846266881	0.1846266881	0.0017013611
2	0.0093706835	0.1810269707	0.1810269707	0.0016820865
2	0.0083290397	0.1774621604	0.1774621604	0.0016682467
2	0.0058549195	0.1723353903	0.1723353903	0.0016599687
2	0.0093100893	0.1713398429	0.1713398429	0.0016626408
2	0.0137829765	0.1695378929	0.1695378929	0.0016751638
2	0.0181475657	0.1676077208	0.1676077208	0.0016977913
2	0.0225121548	0.1656775486	0.1656775486	0.0017302453
2	0.0268477801	0.1637150093	0.1637150093	0.0017721491
2	0.0311648849	0.1617321612	0.1617321612	0.0018231642
2	0.0354681270	0.1597343030	0.1597343030	0.0018828119
2	0.0397598340	0.1577240768	0.1577240768	0.0019506859
2	0.0440410761	0.1557027241	0.1557027241	0.0020262354
2	0.0483123266	0.1536708301	0.1536708301	0.0021089391
2	0.0525736764	0.1516285685	0.1516285685	0.0021981637
2	0.0568248685	0.1495757493	0.1495757493	0.0022932391
2	0.0610650019	0.1475115261	0.1475115261	0.0023934436
2	0.0652844020	0.1454261687	0.1454261687	0.0024980056
2	0.0695038020	0.1433408113	0.1433408113	0.0026061216
2	0.0737113243	0.1412434888	0.1412434888	0.0027168832
2	0.0779063066	0.1391336439	0.1391336439	0.0028293885
2	0.0820880197	0.1370106693	0.1370106693	0.0029427470
2	0.0862556405	0.1348738838	0.1348738838	0.0030559923
2	0.0904082903	0.1327225741	0.1327225741	0.0031681750
2	0.0945449913	0.1305559555	0.1305559555	0.0032783558
2	0.0986646485	0.1283731600	0.1283731600	0.0033856295
2	0.1027659193	0.1261731208	0.1261731208	0.0034891005
2	0.1068463357	0.1239537775	0.1239537775	0.0035879349
2	0.1108857309	0.1216972255	0.1216972255	0.0036814139
2	0.1149251262	0.1194406736	0.1194406736	0.0037688360
2	0.1189403917	0.1171626910	0.1171626910	0.0038496039
2	0.1229294781	0.1148618262	0.1148618262	0.0039232183
2	0.1268898630	0.1125363027	0.1125363027	0.0039892804
2	0.1308202616	0.1101854801	0.1101854801	0.0040474954
2	0.1347182986	0.1078078684	0.1078078684	0.0040976731
2	0.1385813908	0.1054019085	0.1054019085	0.0041397465
2	0.1424069587	0.1029661542	0.1029661542	0.0041736904
2	0.1461976139	0.1005032595	0.1005032595	0.0041996314
2	0.1499382070	0.0980023866	0.0980023866	0.0042177785
2	0.1536582789	0.0954862554	0.0954862554	0.0042283938
2	0.1572708683	0.0928929983	0.0928929983	0.0042318398
2	0.1608834577	0.0902997412	0.0902997412	0.0042285460
2	0.1643758255	0.0876254062	0.0876254062	0.0042189749
2	0.1678163101	0.0849176551	0.0849176551	0.0042036892
2	0.1712133912	0.0821826406	0.0821826406	0.0041832885
2	0.1745122770	0.0793881711	0.0793881711	0.0041584111
2	0.1777561398	0.0765616785	0.0765616785	0.0041297395
2	0.1808981747	0.0736782444	0.0736782444	0.0040979287
2	0.1839351676	0.0707390743	0.0707390743	0.0040637673
2	0.1868592255	0.0677431895	0.0677431895	0.0040279844
2	0.1896587252	0.0646883925	0.0646883925	0.0039913338
2	0.1923188804	0.0615719569	0.0615719569	0.0039545773
2	0.1948228459	0.0583914755	0.0583914755	0.0039183840
2	0.1971520496	0.0551452794	0.0551452794	0.0038834299
2	0.1992874898	0.0518331304	0.0518331304	0.0038502945
2	0.2012687223	0.0484734068	0.0484734068	0.0038194615
2	0.2029540990	0.0450339103	0.0450339103	0.0037913017
2	0.2044621920	0.0415535064	0.0415535064	0.0037660600
2	0.2057603771	0.0380310439	0.0380310439	0.0037438272
2	0.2067383459	0.0344572264	0.0344572264	0.0037246347
2	0.2076270124	0.0308717669	0.0308717669	0.0037084037
2	0.2083584107	0.0272685861	0.0272685861	0.0036950265
2	0.2089323465	0.0236511723	0.0236511723	0.0036843411
2	0.2093892624	0.0200254313	0.0200254313	0.0036761464
2	0.2097484473	0.0163941951	0.0163941951	0.0036702809
2	0.2100402550	0.0127599403	0.0127599403	0.0036665888
2	0.2103163081	0.0077141904	0.0077141904	0.0036647817
2	0.2102129744	0.0100440771	0.0100440771	0.0036651467
2	0.2099817476	0.0136805109	0.0136805109	0.0036673283
2	0.2096698203	0.0173139300	0.0173139300	0.0036715504
2	0.2092950168	0.0209443769	0.0209443769	0.0036780076
2	0.2088169737	0.0245687556	0.0245687556	0.0036868001
2	0.2081828779	0.0281811433	0.0281811433	0.0036981498
2	0.2074686499	0.0317860459	0.0317860459	0.0037122302
2	0.2066285853	0.0353773590	0.0353773590	0.0037291897
2	0.2057465867	0.0389636416	0.0389636416	0.0037491376
2	0.2055358285	0.0426006973	0.0426006973	0.0037724005
2	0.2059710833	0.0462277705	0.0462277705	0.0038007001
2	0.2078647370	0.0496126518	0.0496126518	0.0038381493
2	0.2109809744	0.0525100500	0.0525100500	0.0038892660
2	0.2144172725	0.0552204579	0.0552204579	0.0039549055
2	0.2182661293	0.0576377983	0.0576377983	0.0040338714
2	0.2222106311	0.0599767802	0.0599767802	0.0041242206
2	0.2262618429	0.0622227154	0.0622227154	0.0042237920
2	0.2303849291	0.0644022713	0.0644022713	0.0043306792
2	0.2345603513	0.0665314281	0.0665314281	0.0044430524
2	0.2387767936	0.0686197745	0.0686197745	0.0045592646
2	0.2430488426	0.0706508290	0.0706508290	0.0046778174
2	0.2473208916	0.0726818834	0.0726818834	0.0047973496
2	0.2516180984	0.0746862264	0.0746862264	0.0049166034
2	0.2559374228	0.0766666562	0.0766666562	0.0050344284
2	0.2602764687	0.0786254118	0.0786254118	0.0051497604
2	0.2646331964	0.0805644440	0.0805644440	0.0052616409
2	0.2690057439	0.0824855890	0.0824855890	0.0053691103
2	0.2733923832	0.0843906037	0.0843906037	0.0054713206
2	0.2777913699	0.0862813289	0.0862813289	0.0055674498
2	0.2822009439	0.0881596826	0.0881596826	0.0056567745
2	0.2866193569	0.0900276217	0.0900276217	0.0057386093
2	0.2910477560	0.0918836995	0.0918836995	0.0058123094
2	0.2954761551	0.0937397772	0.0937397772	0.0058773516
2	0.2999079182	0.0955918358	0.0955918358	0.0059332501
2	0.3043410902	0.0974422079	0.0974422079	0.0059795214
2	0.3087738124	0.0992931186	0.0992931186	0.0060158462
2	0.3132044697	0.1011464998	0.1011464998	0.0060419589
2	0.3176332403	0.1030021342	0.1030021342	0.0060576809
2	0.3220466323	0.1048759990	0.1048759990	0.0060629250
2	0.3264600243	0.1067498638	0.1067498638	0.0060577003
2	0.3308509531	0.1086499311	0.1086499311	0.0060421153
2	0.3352328151	0.1105604354	0.1105604354	0.0060163819
2	0.3395994214	0.1124883250	0.1124883250	0.0059808180
2	0.3439485966	0.1144358159	0.1144358159	0.0059358504
2	0.3482777021	0.1164055384	0.1164055384	0.0058819978
2	0.3525839715	0.1184001324	0.1184001324	0.0058199485
2	0.3568643182	0.1204224331	0.1204224331	0.0057504473
2	0.3611151698	0.1224756048	0.1224756048	0.0056743647
2	0.3653322405	0.1245633167	0.1245633167	0.0055926786
2	0.3695103331	0.1266898525	0.1266898525	0.0055064635
2	0.3736884257	0.1288163884	0.1288163884	0.0054168843
2	0.3777778419	0.1310274337	0.1310274337	0.0053251614
2	0.3818061861	0.1332938417	0.1332938417	0.0052325289
2	0.3857629900	0.1356224110	0.1356224110	0.0051402421
2	0.3896351886	0.1380210403	0.1380210403	0.0050494787
2	0.3934079563	0.1404976298	0.1404976298	0.0049612345
2	0.3970655034	0.1430591837	0.1430591837	0.0048763600
2	0.4005928145	0.1457104894	0.1457104894	0.0047954137
2	0.4039781800	0.1484527574	0.1484527574	0.0047186276
2	0.4072159798	0.1512827239	0.1512827239	0.0046458861
2	0.4103086060	0.1541927436	0.1541927436	0.0045767420
2	0.4132664706	0.1571719889	0.1571719889	0.0045104693
2	0.4161059434	0.1602082828	0.1602082828	0.0044461385
2	0.4188461490	0.1632898442	0.1632898442	0.0043826983
2	0.4215060636	0.1664063825	0.1664063825	0.0043190346
2	0.4241026038	0.1695495295	0.1695495295	0.0042541119
2	0.4266499159	0.1727127531	0.1727127531	0.0041869140
2	0.4291594679	0.1758910323	0.1758910323	0.0041165853
2	0.4316403635	0.1790805404	0.1790805404	0.0040423461
2	0.4340991980	0.1822785789	0.1822785789	0.0039637074
2	0.4365421975	0.1854826795	0.1854826795	0.0038803064
2	0.4389851969	0.1886867800	0.1886867800	0.0037919723
2	0.4414076163	0.1918986838	0.1918986838	0.0036987538
2	0.4438246129	0.1951126296	0.1951126296	0.0036009140
2	0.4462391597	0.1983274959	0.1983274959	0.0034988738
2	0.4486530944	0.2015425921	0.2015425921	0.0033932363
2	0.4510678336	0.2047573862	0.2047573862	0.0032847600
2	0.4534845038	0.2079714546	0.2079714546	0.0031743405
2	0.4559039930	0.2111844625	0.2111844625	0.0030629912
2	0.4583269706	0.2143961558	0.2143961558	0.0029518268
2	0.4607538821	0.2176063635	0.2176063635	0.0028420467
2	0.4631849117	0.2208150130	0.2208150130	0.0027349245
2	0.4656159413	0.2240236624	0.2240236624	0.0026317914
2	0.4680542694	0.2272295417	0.2272295417	0.0025340728
2	0.4704956385	0.2304342635	0.2304342635	0.0024432577
2	0.4729378738	0.2336386553	0.2336386553	0.0023608529
2	0.4753770851	0.2368441986	0.2368441986	0.0022886021
2	0.4778057248	0.2400537528	0.2400537528	0.0022282842
2	0.4802071227	0.2432735397	0.2432735397	0.0021818950
2	0.4825757481	0.2465054418	0.2465054418	0.0021517407
2	0.4768900000	0.2500000000	0.2500000000	0.0021711756
3	0.0231100000	0.2500000000	0.2500000000	0.0021753860
3	0.0150104700	0.2500000000	0.2500000000	0.0021431039
3	0.0150104745	0.2463666567	0.2463531406	0.0021408672
3	0.0149611742	0.2427336322	0.2427062968	0.0021341751
3	0.0148973093	0.2391009107	0.2390593771	0.0021232100
3	0.0148105064	0.2354687224	0.2354124001	0.0021080798
3	0.0146988595	0.2318372754	0.2317653610	0.0020890641
3	0.0145610718	0.2282067962	0.2281182521	0.0020664711
3	0.0143944453	0.2245775729	0.2244710968	0.0020406957
3	0.0141974805	0.2209499514	0.2208238604	0.0020121332
3	0.0139683337	0.2173242730	0.2171765716	0.0019812940
3	0.0137391870	0.2136985946	0.2135292828	0.0019486686
3	0.0134462740	0.2100774351	0.2098820684	0.0019147925
3	0.0131120364	0.2064597727	0.2062349365	0.0018802593
3	0.0127339630	0.2028462898	0.2025879419	0.0018456613
3	0.0123073346	0.1992379878	0.1989411745	0.0018116301
3	0.0118257830	0.1956362365	0.1952947704	0.0017788296
3	0.0112804362	0.1920429971	0.1916489516	0.0017479620
3	0.0106579902	0.1884612948	0.1880041283	0.0017197781
3	0.0099363395	0.1848963256	0.1843611924	0.0016950904
3	0.0091713989	0.1813393113	0.1807193134	0.0016747828
3	0.0081349575	0.1778392457	0.1770894239	0.0016598575
3	0.0068226535	0.1744094282	0.1734817962	0.0016513685
3	0.0054334112	0.1724052669	0.1712754654	0.0016498027
3	0.0068310190	0.1742456744	0.1676447228	0.0016528307
3	0.0086259244	0.1761973746	0.1632322464	0.0016636823
3	0.0104269280	0.1780716491	0.1587887964	0.0016812538
3	0.0121943813	0.1798977744	0.1543119512	0.0017044751
3	0.0139062437	0.1816924861	0.1498009309	0.0017323842
3	0.0155463080	0.1834620118	0.1452534332	0.0017641751
3	0.0170079468	0.1851849120	0.1406278527	0.0017991430
3	0.0184695855	0.1869078121	0.1360022723	0.0018366867
3	0.0198250381	0.1886039441	0.1313346549	0.0018762616
3	0.0210626631	0.1902701602	0.1266237340	0.0019173948
3	0.0221712252	0.1919024489	0.1218690005	0.0019596922
3	0.0231401438	0.1934962787	0.1170709102	0.0020028091
3	0.0239594370	0.1950468208	0.1122309365	0.0020464236
3	0.0246203070	0.1965490650	0.1073516660	0.0020902678
3	0.0251153182	0.1979980754	0.1024367804	0.0021340714
3	0.0254383745	0.1993890011	0.0974909005	0.0021776126
3	0.0255834998	0.2007167739	0.0925193087	0.0022206758
3	0.0253883598	0.2019144552	0.0875164848	0.0022630666
3	0.0251932198	0.2031121366	0.0825136609	0.0023046181
3	0.0248186140	0.2042373149	0.0775042286	0.0023450769
3	0.0242653539	0.2052872361	0.0724950035	0.0023843014
3	0.0235337126	0.2062588174	0.0674928542	0.0024221087
3	0.0226344373	0.2071537468	0.0625037488	0.0024583168
3	0.0215735711	0.2079718619	0.0575332339	0.0024927511
3	0.0203584361	0.2087135587	0.0525861034	0.0025252593
3	0.0189977074	0.2093798677	0.0476662236	0.0025556724
3	0.0175013819	0.2099722816	0.0427763542	0.0025838525
3	0.0158809167	0.2104926173	0.0379179480	0.0026096209
3	0.0141499860	0.2109422919	0.0330906880	0.0026328209
3	0.0123265654	0.2113338747	0.0282925043	0.0026533270
3	0.0103909762	0.2116402203	0.0235322087	0.0026709638
3	0.0084071193	0.2119049454	0.0187893193	0.0026856143
3	0.0063476052	0.2120933511	0.0140751202	0.0026971471
3	0.0042580337	0.2122389480	0.0093726464	0.0027054716
3	0.0021403645	0.2123510224	0.0046818380	0.0027104924
3	0.0000000000	0.2123510224	0.0000000000	0.0027121705
3	-0.0021403645	0.2123510224	-0.0046818380	0.0027104924
3	-0.0042580337	0.2122389480	-0.0093726464	0.0027054716
3	-0.0063476052	0.2120933511	-0.0140751202	0.0026971471
3	-0.0084071193	0.2119049454	-0.0187893193	0.0026856143
3	-0.0103909762	0.2116402203	-0.0235322087	0.0026709638
3	-0.0123265654	0.2113338747	-0.0282925043	0.0026533270
3	-0.0141499860	0.2109422919	-0.0330906880	0.0026328209
3	-0.0158809167	0.2104926173	-0.0379179480	0.0026096209
3	-0.0175013819	0.2099722816	-0.0427763542	0.0025838525
3	-0.0189977074	0.2093798677	-0.0476662236	0.0025556724
3	-0.0203584361	0.2087135587	-0.0525861034	0.0025252593
3	-0.0215735711	0.2079718619	-0.0575332339	0.0024927511
3	-0.0226344373	0.2071537468	-0.0625037488	0.0024583168
3	-0.0235337126	0.2062588174	-0.0674928542	0.0024221087
3	-0.0242653539	0.2052872361	-0.0724950035	0.0023843014
3	-0.0248186140	0.2042373149	-0.0775042286	0.0023450769
3	-0.0251932198	0.2031121366	-0.0825136609	0.0023046181
3	-0.0253883598	0.2019144552	-0.0875164848	0.0022630666
3	-0.0255834998	0.2007167739	-0.0925193087	0.0022206758
3	-0.0254383745	0.1993890011	-0.0974909005	0.0021776126
3	-0.0251153182	0.1979980754	-0.1024367804	0.0021340714
3	-0.0246203070	0.1965490650	-0.1073516660	0.0020902678
3	-0.0239594370	0.1950468208	-0.1122309365	0.0020464236
3	-0.0231401438	0.1934962787	-0.1170709102	0.0020028091
3	-0.0221712252	0.1919024489	-0.1218690005	0.0019596922
3	-0.0210626631	0.1902701602	-0.1266237340	0.0019173948
3	-0.0198250381	0.1886039441	-0.1313346549	0.0018762616
3	-0.0184695855	0.1869078121	-0.1360022723	0.0018366867
3	-0.0170079468	0.1851849120	-0.1406278527	0.0017991430
3	-0.0155463080	0.1834620118	-0.1452534332	0.0017641751
3	-0.0139062437	0.1816924861	-0.1498009309	0.0017323842
3	-0.0121943813	0.1798977744	-0.1543119512	0.0017044751
3	-0.0104269280	0.1780716491	-0.1587887964	0.0016812538
3	-0.0086259244	0.1761973746	-0.1632322464	0.0016636823
3	-0.0068310190	0.1742456744	-0.1676447228	0.0016528307
3	-0.0054334112	0.1724052669	-0.1712754654	0.0016498027
3	-0.0006072389	0.1705418365	-0.1694393721	0.0016539434
3	0.0040855304	0.1690296764	-0.1679588129	0.0016648076
3	0.0088491518	0.1676361835	-0.1665924835	0.0016815870
3	0.0136478729	0.1663066413	-0.1652865889	0.0017035137
3	0.0184784560	0.1650390214	-0.1640378401	0.0017298471
3	0.0233090392	0.1637714016	-0.1627890913	0.0017599140
3	0.0281509800	0.1625268309	-0.1615613208	0.0017930874
3	0.0330008536	0.1612987398	-0.1603483551	0.0018287706
3	0.0378563969	0.1600825976	-0.1591460802	0.0018664303
3	0.0427161998	0.1588754315	-0.1579519975	0.0019055887
3	0.0475796190	0.1576757094	-0.1567651581	0.0019458270
3	0.0524469250	0.1564836658	-0.1555865438	0.0019867899
3	0.0573197080	0.1553021739	-0.1544199977	0.0020281896
3	0.0622017178	0.1541386311	-0.1532741725	0.0020698112
3	0.0671014390	0.1530110056	-0.1521687491	0.0021115189
3	0.0720862989	0.1520847091	-0.1512777310	0.0021532636
3	0.0770711589	0.1511584126	-0.1503867129	0.0021952146
3	0.0821129051	0.1504017201	-0.1496732849	0.0022376217
3	0.0872161810	0.1498985700	-0.1492214200	0.0022810172
3	0.0923608429	0.1497441024	-0.1491246668	0.0023262894
3	0.0974909693	0.1500143243	-0.1494556513	0.0023747345
3	0.1025300965	0.1507281979	-0.1502291811	0.0024276681
3	0.1074190930	0.1518400484	-0.1513963439	0.0024860585
3	0.1121369303	0.1532715927	-0.1528773773	0.0025503464
3	0.1166906884	0.1549473464	-0.1545966517	0.0026203436
3	0.1210952739	0.1568125012	-0.1564996995	0.0026955525
3	0.1252937730	0.1589037975	-0.1586209851	0.0027751986
3	0.1294922721	0.1609950938	-0.1607422707	0.0028584256
3	0.1335920821	0.1631833050	-0.1629567813	0.0029441947
3	0.1376053222	0.1654514785	-0.1652480821	0.0030315719
3	0.1415414065	0.1677873226	-0.1676043166	0.0031195538
3	0.1454076603	0.1701817174	-0.1700167266	0.0032072036
3	0.1492099054	0.1726276693	-0.1724786404	0.0032935777
3	0.1529528843	0.1751196644	-0.1749848000	0.0033777319
3	0.1566405767	0.1776532127	-0.1775309392	0.0034588047
3	0.1602762232	0.1802246989	-0.1801136317	0.0035359067
3	0.1638611027	0.1828321319	-0.1827310159	0.0036082272
3	0.1673653044	0.1854946312	-0.1854016778	0.0036749676
3	0.1708695061	0.1881571305	-0.1880723398	0.0037354081
3	0.1743323954	0.1908469054	-0.1907694264	0.0037888772
3	0.1777564068	0.1935617932	-0.1934908777	0.0038348365
3	0.1811438239	0.1962998399	-0.1962348298	0.0038728323
3	0.1844969883	0.1990591514	-0.1989994737	0.0039025290
3	0.1878209674	0.2018362913	-0.2017814557	0.0039237439
3	0.1911240245	0.2046260165	-0.2045757381	0.0039363762
3	0.1943684751	0.2074502692	-0.2074037949	0.0039405492
3	0.1976129256	0.2102745219	-0.2102318516	0.0039365086
3	0.2008039748	0.2131293052	-0.2130898552	0.0039246658
3	0.2039804674	0.2159922677	-0.2159558817	0.0039056202
3	0.2071370382	0.2188662680	-0.2188328507	0.0038801512
3	0.2102721413	0.2217520685	-0.2217214579	0.0038491441
3	0.2133862226	0.2246492772	-0.2246213625	0.0038137052
3	0.2164796217	0.2275575714	-0.2275322857	0.0037750790
3	0.2195522699	0.2304768490	-0.2304541718	0.0037346937
3	0.2226249182	0.2333961266	-0.2333760579	0.0036940383
3	0.2256577303	0.2363361189	-0.2363187205	0.0036548374
3	0.2286643336	0.2392894547	-0.2392748856	0.0036189521
3	0.2316390288	0.2422587521	-0.2422472967	0.0035883997
3	0.2345656732	0.2452515677	-0.2452437239	0.0035653476
3	0.2374119690	0.2482823961	-0.2482790899	0.0035522183
3	0.2388642508	0.2500000000	-0.2500000000	0.0035501700
3	0.2374119690	0.2517176039	-0.2517209101	0.0035522183
3	0.2345656732	0.2547484323	-0.2547562761	0.0035653476
3	0.2316390288	0.2577412479	-0.2577527033	0.0035883997
3	0.2286643336	0.2607105453	-0.2607251144	0.0036189521
3	0.2256577303	0.2636638811	-0.2636812795	0.0036548374
3	0.2226249182	0.2666038734	-0.2666239421	0.0036940383
3	0.2195522699	0.2695231510	-0.2695458282	0.0037346937
3	0.2164796217	0.2724424286	-0.2724677143	0.0037750790
3	0.2133862226	0.2753507228	-0.2753786375	0.0038137052
3	0.2102721413	0.2782479315	-0.2782785421	0.0038491441
3	0.2071370382	0.2811337320	-0.2811671493	0.0038801512
3	0.2039804674	0.2840077323	-0.2840441183	0.0039056202
3	0.2008039748	0.2868706948	-0.2869101448	0.0039246658
3	0.1976129256	0.2897254781	-0.2897681484	0.0039365086
3	0.1943684751	0.2925497308	-0.2925962051	0.0039405492
3	0.1911240245	0.2953739835	-0.2954242619	0.0039363762
3	0.1878209674	0.2981637087	-0.2982185443	0.0039237439
3	0.1844969883	0.3009408486	-0.3010005263	0.0039025290
3	0.1811438239	0.3037001601	-0.3037651702	0.0038728323
3	0.1777564068	0.3064382068	-0.3065091223	0.0038348365
3	0.1743323954	0.3091530946	-0.3092305736	0.0037888772
3	0.1708695061	0.3118428695	-0.3119276602	0.0037354081
3	0.1673653044	0.3145053688	-0.3145983222	0.0036749676
3	0.1638611027	0.3171678681	-0.3172689841	0.0036082272
3	0.1602762232	0.3197753011	-0.3198863683	0.0035359067
3	0.1566405767	0.3223467873	-0.3224690608	0.0034588047
3	0.1529528843	0.3248803356	-0.3250152000	0.0033777319
3	0.1492099054	0.3273723307	-0.3275213596	0.0032935777
3	0.1454076603	0.3298182826	-0.3299832734	0.0032072036
3	0.1415414065	0.3322126774	-0.3323956834	0.0031195538
3	0.1376053222	0.3345485215	-0.3347519179	0.0030315719
3	0.1335920821	0.3368166950	-0.3370432187	0.0029441947
3	0.1294922721	0.3390049062	-0.3392577293	0.0028584256
3	0.1252937730	0.3410962025	-0.3413790149	0.0027751986
3	0.1210952739	0.3431874988	-0.3435003005	0.0026955525
3	0.1166906884	0.3450526536	-0.3454033483	0.0026203436
3	0.1121369303	0.3467284073	-0.3471226227	0.0025503464
3	0.1074190930	0.3481599516	-0.3486036561	0.0024860585
3	0.1025300965	0.3492718021	-0.3497708189	0.0024276681
3	0.0974909693	0.3499856757	-0.3505443487	0.0023747345
3	0.0923608429	0.3502558976	-0.3508753332	0.0023262894
3	0.0872161810	0.3501014300	-0.3507785800	0.0022810172
3	0.0821129051	0.3495982799	-0.3503267151	0.0022376217
3	0.0770711589	0.3488415874	-0.3496132871	0.0021952146
3	0.0720862989	0.3479152909	-0.3487222690	0.0021532636
3	0.0671014390	0.3469889944	-0.3478312509	0.0021115189
3	0.0622017178	0.3458613689	-0.3467258275	0.0020698112
3	0.0573197080	0.3446978261	-0.3455800023	0.0020281896
3	0.0524469250	0.3435163342	-0.3444134562	0.0019867899
3	0.0475796190	0.3423242906	-0.3432348419	0.0019458270
3	0.0427161998	0.3411245685	-0.3420480025	0.0019055887
3	0.0378563969	0.3399174024	-0.3408539198	0.0018664303
3	0.0330008536	0.3387012602	-0.3396516449	0.0018287706
3	0.0281509800	0.3374731691	-0.3384386792	0.0017930874
3	0.0233090392	0.3362285984	-0.3372109087	0.0017599140
3	0.0184784560	0.3349609786	-0.3359621599	0.0017298471
3	0.0136478729	0.3336933587	-0.3347134111	0.0017035137
3	0.0088491518	0.3323638165	-0.3334075165	0.0016815870
3	0.0040855304	0.3309703236	-0.3320411871	0.0016648076
3	-0.0006072389	0.3294581635	-0.3305606279	0.0016539434
3	-0.0054334112	0.3275947331	-0.3287245346	0.0016498027
3	-0.0068226535	0.3255905718	-0.3265182038	0.0016513685
3	-0.0081349575	0.3221607543	-0.3229105761	0.0016598575
3	-0.0091713989	0.3186606887	-0.3192806866	0.0016747828
3	-0.0099363395	0.3151036744	-0.3156388076	0.0016950904
3	-0.0106579902	0.3115387052	-0.3119958717	0.0017197781
3	-0.0112804362	0.3079570029	-0.3083510484	0.0017479620
3	-0.0118257830	0.3043637635	-0.3047052296	0.0017788296
3	-0.0123073346	0.3007620122	-0.3010588255	0.0018116301
3	-0.0127339630	0.2971537102	-0.2974120581	0.0018456613
3	-0.0131120364	0.2935402273	-0.2937650635	0.0018802593
3	-0.0134462740	0.2899225649	-0.2901179316	0.0019147925
3	-0.0137391870	0.2863014054	-0.2864707171	0.0019486686
3	-0.0139683337	0.2826757270	-0.2828234284	0.0019812940
3	-0.0141974805	0.2790500486	-0.2791761396	0.0020121332
3	-0.0143944453	0.2754224271	-0.2755289032	0.0020406957
3	-0.0145610718	0.2717932038	-0.2718817479	0.0020664711
3	-0.0146988595	0.2681627246	-0.2682346390	0.0020890641
3	-0.0148105064	0.2645312776	-0.2645875999	0.0021080798
3	-0.0148973093	0.2608990893	-0.2609406229	0.0021232100
3	-0.0149611742	0.2572663678	-0.2572937032	0.0021341751
3	-0.0150104745	0.2536333433	-0.2536468594	0.0021408672
3	-0.0150104745	0.2500000000	-0.2500000000	0.0021431039
3	-0.0231100000	0.2500000000	-0.2500000000	0.0021753860
4	0.0231100000	0.2500000000	0.2500000000	0.0021711756
4	0.0174242519	0.2465054418	0.2534945582	0.0021517407
4	0.0152622482	0.2498089631	0.2501910369	0.0021403134
4	0.0151756900	0.2500000000	0.2500000000	0.0021402810
4	0.0151756880	0.2536401076	0.2536401076	0.0021380723
4	0.0151270348	0.2572800527	0.2572800527	0.0021314645
4	0.0150641829	0.2609198890	0.2609198890	0.0021206396
4	0.0149786118	0.2645594938	0.2645594938	0.0021057058
4	0.0148685104	0.2681987688	0.2681987688	0.0020869428
4	0.0147325807	0.2718376072	0.2718376072	0.0020646586
4	0.0145681047	0.2754758564	0.2754758564	0.0020392483
4	0.0143735894	0.2791133646	0.2791133646	0.0020111074
4	0.0141471464	0.2827499489	0.2827499489	0.0019807459
4	0.0139207035	0.2863865332	0.2863865332	0.0019486546
4	0.0136308872	0.2900208677	0.2900208677	0.0019153688
4	0.0132998719	0.2936534423	0.2936534423	0.0018814821
4	0.0129250467	0.2972838881	0.2972838881	0.0018475866
4	0.0125015649	0.3009116581	0.3009116581	0.0018143139
4	0.0120228662	0.3045359935	0.3045359935	0.0017823275
4	0.0114797652	0.3081557869	0.3081557869	0.0017523293
4	0.0108583888	0.3117692796	0.3117692796	0.0017250698
4	0.0101354294	0.3153733119	0.3153733119	0.0017013611
4	0.0093706835	0.3189730293	0.3189730293	0.0016820865
4	0.0083290397	0.3225378396	0.3225378396	0.0016682467
4	0.0058549195	0.3276646097	0.3276646097	0.0016599687
4	0.0002151562	0.3298211398	0.3298211398	0.0016655873
4	-0.0044684302	0.3313318988	0.3313318988	0.0016775850
4	-0.0092335147	0.3327093488	0.3327093488	0.0016953664
4	-0.0140469294	0.3340000476	0.3340000476	0.0017181697
4	-0.0188603440	0.3352907464	0.3352907464	0.0017452679
4	-0.0236905739	0.3365496440	0.3365496440	0.0017759624
4	-0.0285324001	0.3377860675	0.3377860675	0.0018096603
4	-0.0333824784	0.3390062126	0.3390062126	0.0018457589
4	-0.0382385829	0.3402143137	0.3402143137	0.0018837288
4	-0.0430993150	0.3414130738	0.3414130738	0.0019230955
4	-0.0479640224	0.3426037435	0.3426037435	0.0019634438
4	-0.0528329645	0.3437857270	0.3437857270	0.0020044215
4	-0.0577078930	0.3449553081	0.3449553081	0.0020457443
4	-0.0625946320	0.3460999803	0.3460999803	0.0020872008
4	-0.0675343444	0.3471246776	0.3471246776	0.0021286597
4	-0.0724740568	0.3481493749	0.3481493749	0.0021700976
4	-0.0774550842	0.3490686499	0.3490686499	0.0022116065
4	-0.0824913172	0.3498226805	0.3498226805	0.0022534528
4	-0.0875889442	0.3503301084	0.3503301084	0.0022961268
4	-0.0927313921	0.3504974362	0.3504974362	0.0023404516
4	-0.0978671238	0.3502474095	0.3502474095	0.0023876523
4	-0.1029214634	0.3495566061	0.3495566061	0.0024390023
4	-0.1078328867	0.3484660353	0.3484660353	0.0024954753
4	-0.1125764519	0.3470519355	0.3470519355	0.0025575450
4	-0.1171567085	0.3453903073	0.3453903073	0.0026250606
4	-0.1215895836	0.3435395797	0.3435395797	0.0026975500
4	-0.1258107477	0.3414560081	0.3414560081	0.0027742552
4	-0.1300319118	0.3393724366	0.3393724366	0.0028543320
4	-0.1341534855	0.3371914508	0.3371914508	0.0029367407
4	-0.1381878890	0.3349304382	0.3349304382	0.0030205449
4	-0.1421448773	0.3326020256	0.3326020256	0.0031047348
4	-0.1460320526	0.3302155391	0.3302155391	0.0031883667
4	-0.1498555827	0.3277781855	0.3277781855	0.0032704877
4	-0.1536205448	0.3252956638	0.3252956638	0.0033501436
4	-0.1573312766	0.3227726461	0.3227726461	0.0034264617
4	-0.1609915107	0.3202130120	0.3202130120	0.0034985403
4	-0.1646039934	0.3176196805	0.3176196805	0.0035655560
4	-0.1681389080	0.3149734430	0.3149734430	0.0036266952
4	-0.1716738226	0.3123272054	0.3123272054	0.0036812236
4	-0.1751704225	0.3096556370	0.3096556370	0.0037284540
4	-0.1786317333	0.3069611895	0.3069611895	0.0037678312
4	-0.1820609208	0.3042462824	0.3042462824	0.0037988832
4	-0.1854620439	0.3015137809	0.3015137809	0.0038212549
4	-0.1888439027	0.2987693503	0.2987693503	0.0038347430
4	-0.1921766592	0.2959950485	0.2959950485	0.0038392256
4	-0.1955094156	0.2932207466	0.2932207466	0.0038348028
4	-0.1988025211	0.2904228703	0.2904228703	0.0038216969
4	-0.2020870197	0.2876199400	0.2876199400	0.0038002942
4	-0.2053607691	0.2848107291	0.2848107291	0.0037711887
4	-0.2086257362	0.2819964124	0.2819964124	0.0037350753
4	-0.2118850250	0.2791788066	0.2791788066	0.0036928703
4	-0.2151424002	0.2763600947	0.2763600947	0.0036456328
4	-0.2183997754	0.2735413827	0.2735413827	0.0035945778
4	-0.2216620092	0.2707254816	0.2707254816	0.0035411023
4	-0.2249368186	0.2679168885	0.2679168885	0.0034866609
4	-0.2282324526	0.2651205012	0.2651205012	0.0034329403
4	-0.2315604566	0.2623433483	0.2623433483	0.0033817555
4	-0.2349384201	0.2595965201	0.2595965201	0.0033350658
4	-0.2383968010	0.2569001921	0.2569001921	0.0032949531
4	-0.2419353650	0.2542563945	0.2542563945	0.0032637078
4	-0.2457882078	0.2518422311	0.2518422311	0.0032437092
4	-0.2500000000	0.2500000000	0.2500000000	0.0032371045
4	-0.2542117922	0.2481577689	0.2518422311	0.0032437092
4	-0.2580646350	0.2457436055	0.2542563945	0.0032637078
4	-0.2616031990	0.2430998079	0.2569001921	0.0032949531
4	-0.2650615799	0.2404034799	0.2595965201	0.0033350658
4	-0.2684395434	0.2376566517	0.2623433483	0.0033817555
4	-0.2717675474	0.2348794988	0.2651205012	0.0034329403
4	-0.2750631814	0.2320831115	0.2679168885	0.0034866609
4	-0.2783379908	0.2292745184	0.2707254816	0.0035411023
4	-0.2816002246	0.2264586173	0.2735413827	0.0035945778
4	-0.2848575998	0.2236399053	0.2763600947	0.0036456328
4	-0.2881149750	0.2208211934	0.2791788066	0.0036928703
4	-0.2913742638	0.2180035876	0.2819964124	0.0037350753
4	-0.2946392309	0.2151892709	0.2848107291	0.0037711887
4	-0.2979129803	0.2123800600	0.2876199400	0.0038002942
4	-0.3011974789	0.2095771297	0.2904228703	0.0038216969
4	-0.3044905844	0.2067792534	0.2932207466	0.0038348028
4	-0.3078233408	0.2040049515	0.2959950485	0.0038392256
4	-0.3111560973	0.2012306497	0.2987693503	0.0038347430
4	-0.3145379561	0.1984862191	0.3015137809	0.0038212549
4	-0.3179390792	0.1957537176	0.3042462824	0.0037988832
4	-0.3213682667	0.1930388105	0.3069611895	0.0037678312
4	-0.3248295775	0.1903443630	0.3096556370	0.0037284540
4	-0.3283261774	0.1876727946	0.3123272054	0.0036812236
4	-0.3318610920	0.1850265570	0.3149734430	0.0036266952
4	-0.3353960066	0.1823803195	0.3176196805	0.0035655560
4	-0.3390084893	0.1797869880	0.3202130120	0.0034985403
4	-0.3426687234	0.1772273539	0.3227726461	0.0034264617
4	-0.3463794552	0.1747043362	0.3252956638	0.0033501436
4	-0.3501444173	0.1722218145	0.3277781855	0.0032704877
4	-0.3539679474	0.1697844609	0.3302155391	0.0031883667
4	-0.3578551227	0.1673979744	0.3326020256	0.0031047348
4	-0.3618121110	0.1650695618	0.3349304382	0.0030205449
4	-0.3658465145	0.1628085492	0.3371914508	0.0029367407
4	-0.3699680882	0.1606275634	0.3393724366	0.0028543320
4	-0.3741892523	0.1585439919	0.3414560081	0.0027742552
4	-0.3784104164	0.1564604203	0.3435395797	0.0026975500
4	-0.3828432915	0.1546096927	0.3453903073	0.0026250606
4	-0.3874235481	0.1529480645	0.3470519355	0.0025575450
4	-0.3921671133	0.1515339647	0.3484660353	0.0024954753
4	-0.3970785366	0.1504433939	0.3495566061	0.0024390023
4	-0.4021328762	0.1497525905	0.3502474095	0.0023876523
4	-0.4072686079	0.1495025638	0.3504974362	0.0023404516
4	-0.4124110558	0.1496698916	0.3503301084	0.0022961268
4	-0.4175086828	0.1501773195	0.3498226805	0.0022534528
4	-0.4225449158	0.1509313501	0.3490686499	0.0022116065
4	-0.4275259432	0.1518506251	0.3481493749	0.0021700976
4	-0.4324656556	0.1528753224	0.3471246776	0.0021286597
4	-0.4374053680	0.1539000197	0.3460999803	0.0020872008
4	-0.4422921070	0.1550446919	0.3449553081	0.0020457443
4	-0.4471670355	0.1562142730	0.3437857270	0.0020044215
4	-0.4520359776	0.1573962565	0.3426037435	0.0019634438
4	-0.4569006850	0.1585869262	0.3414130738	0.0019230955
4	-0.4617614171	0.1597856863	0.3402143137	0.0018837288
4	-0.4666175216	0.1609937874	0.3390062126	0.0018457589
4	-0.4714675999	0.1622139325	0.3377860675	0.0018096603
4	-0.4763094261	0.1634503560	0.3365496440	0.0017759624
4	-0.4811396560	0.1647092536	0.3352907464	0.0017452679
4	-0.4859530706	0.1659999524	0.3340000476	0.0017181697
4	-0.4907664853	0.1672906512	0.3327093488	0.0016953664
4	-0.4955315698	0.1686681012	0.3313318988	0.0016775850
4	-0.5002151562	0.1701788602	0.3298211398	0.0016655873
4	-0.5058549195	0.1723353903	0.3276646097	0.0016599687
4	-0.5083290397	0.1774621604	0.3225378396	0.0016682467
4	-0.5093706835	0.1810269707	0.3189730293	0.0016820865
4	-0.5101354294	0.1846266881	0.3153733119	0.0017013611
4	-0.5108583888	0.1882307204	0.3117692796	0.0017250698
4	-0.5114797652	0.1918442131	0.3081557869	0.0017523293
4	-0.5120228662	0.1954640065	0.3045359935	0.0017823275
4	-0.5125015649	0.1990883419	0.3009116581	0.0018143139
4	-0.5129250467	0.2027161119	0.2972838881	0.0018475866
4	-0.5132998719	0.2063465577	0.2936534423	0.0018814821
4	-0.5136308872	0.2099791323	0.2900208677	0.0019153688
4	-0.5139207035	0.2136134668	0.2863865332	0.0019486546
4	-0.5141471464	0.2172500511	0.2827499489	0.0019807459
4	-0.5143735894	0.2208866354	0.2791133646	0.0020111074
4	-0.5145681047	0.2245241436	0.2754758564	0.0020392483
4	-0.5147325807	0.2281623928	0.2718376072	0.0020646586
4	-0.5148685104	0.2318012312	0.2681987688	0.0020869428
4	-0.5149786118	0.2354405062	0.2645594938	0.0021057058
4	-0.5150641829	0.2390801110	0.2609198890	0.0021206396
4	-0.5151270348	0.2427199473	0.2572800527	0.0021314645
4	-0.5151756880	0.2463598924	0.2536401076	0.0021380723
4	-0.5151756880	0.2500000000	0.2500000000	0.0021402810
4	-0.5152622482	0.2498089631	0.2498089631	0.0021403134
4	-0.5174242519	0.2465054418	0.2465054418	0.0021517407
4	-0.5231100000	0.2500000000	0.2500000000	0.0021711756
5	0.0231100000	0.2500000000	0.2500000000	0.0021823903
5	0.0150324600	0.2499743400	0.2499882400	0.0021502885
5	0.0150321014	0.2463339165	0.2463484471	0.0021480704
5	0.0149825483	0.2426936592	0.2427088264	0.0021414348
5	0.0149186571	0.2390535075	0.2390693236	0.0021305647
5	0.0148317987	0.2354135820	0.2354300701	0.0021155688
5	0.0147201580	0.2317739802	0.2317911689	0.0020967277
5	0.0145824353	0.2281348075	0.2281527321	0.0020743503
5	0.0144159074	0.2244962150	0.2245149195	0.0020488325
5	0.0142190929	0.2208583532	0.2208778888	0.0020205703
5	0.0139901151	0.2172214030	0.2172418292	0.0019900749
5	0.0137611373	0.2135844528	0.2136057695	0.0019578379
5	0.0134683768	0.2099497278	0.2099720617	0.0019243955
5	0.0131342184	0.2063167431	0.2063401850	0.0018903421
5	0.0127560887	0.2026858636	0.2027105157	0.0018562711
5	0.0123291752	0.1990576298	0.1990836119	0.0018228150
5	0.0118469604	0.1954327909	0.1954602462	0.0017906385
5	0.0113003186	0.1918124392	0.1918415442	0.0017604450
5	0.0106754708	0.1881983080	0.1882292890	0.0017329863
5	0.0099492955	0.1845935074	0.1846266719	0.0017090761
5	0.0091810304	0.1809930073	0.1810284869	0.0016895996
5	0.0081363522	0.1774270501	0.1774657122	0.0016755590
5	0.0067617928	0.1739170376	0.1739598362	0.0016680042
5	0.0056196752	0.1722164386	0.1722620769	0.0016669892
5	0.0008920957	0.1703436104	0.1703824700	0.0016710379
5	-0.0037904598	0.1688334114	0.1688679599	0.0016818552
5	-0.0085446997	0.1674389714	0.1674702807	0.0016986306
5	-0.0133368202	0.1661105395	0.1661392596	0.0017205939
5	-0.0181633488	0.1648455189	0.1648723294	0.0017469912
5	-0.0229898774	0.1635804983	0.1636053993	0.0017771940
5	-0.0278287297	0.1623390869	0.1623623491	0.0018104836
5	-0.0326762755	0.1611146347	0.1611364685	0.0018463267
5	-0.0375301231	0.1599026378	0.1599232108	0.0018841659
5	-0.0423887738	0.1587002295	0.1587196763	0.0019235181
5	-0.0472515118	0.1575060531	0.1575244821	0.0019639593
5	-0.0521185285	0.1563205774	0.1563380742	0.0020051284
5	-0.0569912988	0.1551469419	0.1551635718	0.0020467316
5	-0.0618733761	0.1539927768	0.1540085863	0.0020885475
5	-0.0667728816	0.1528761203	0.1528911375	0.0021304336
5	-0.0717548989	0.1519599230	0.1519741570	0.0021723321
5	-0.0767369163	0.1510437258	0.1510571765	0.0022143960
5	-0.0817745127	0.1502946554	0.1503073213	0.0022568562
5	-0.0868733862	0.1497939207	0.1498058028	0.0023002113
5	-0.0920163110	0.1496344735	0.1496455882	0.0023453022
5	-0.0971512542	0.1498928339	0.1499032233	0.0023933796
5	-0.1022033480	0.1505921314	0.1506018640	0.0024457462
5	-0.1071110449	0.1516913444	0.1517005033	0.0025034015
5	-0.1118494674	0.1531142846	0.1531229522	0.0025668417
5	-0.1164230658	0.1547852668	0.1547935161	0.0026359330
5	-0.1208455820	0.1566485225	0.1566564162	0.0027102191
5	-0.1250585005	0.1587405589	0.1587481781	0.0027889548
5	-0.1292714191	0.1608325954	0.1608399401	0.0028713031
5	-0.1333838157	0.1630223447	0.1630294513	0.0029562348
5	-0.1374080649	0.1652924911	0.1652993898	0.0030428240
5	-0.1413538109	0.1676305147	0.1676372309	0.0031300725
5	-0.1452286148	0.1700271199	0.1700336754	0.0032170466
5	-0.1490384467	0.1724752460	0.1724816596	0.0033028053
5	-0.1527881886	0.1749693218	0.1749756101	0.0033864050
5	-0.1564819340	0.1775048267	0.1775110050	0.0034669848
5	-0.1601230172	0.1800781290	0.1800842123	0.0035436547
5	-0.1637127823	0.1826872245	0.1826932302	0.0036156028
5	-0.1672210923	0.1853511304	0.1853570871	0.0036820285
5	-0.1707294022	0.1880150364	0.1880209440	0.0037421998
5	-0.1741960226	0.1907060917	0.1907119535	0.0037954608
5	-0.1776234256	0.1934221563	0.1934279559	0.0038412597
5	-0.1810139497	0.1961612643	0.1961670071	0.0038791380
5	-0.1843699741	0.1989215320	0.1989272225	0.0039087545
5	-0.1876966169	0.2016995245	0.2017051665	0.0039299205
5	-0.1910022069	0.2044900533	0.2044956488	0.0039425286
5	-0.1942488899	0.2073149472	0.2073205013	0.0039466951
5	-0.1974955728	0.2101398411	0.2101453538	0.0039426585
5	-0.2006886461	0.2129951230	0.2130005972	0.0039308225
5	-0.2038671339	0.2158585302	0.2158639662	0.0039117793
5	-0.2070256713	0.2187329545	0.2187383520	0.0038863004
5	-0.2101627330	0.2216191142	0.2216244728	0.0038552640
5	-0.2132787978	0.2245166254	0.2245219435	0.0038197692
5	-0.2163742498	0.2274251684	0.2274304349	0.0037810533
5	-0.2194490773	0.2303446327	0.2303498409	0.0037405276
5	-0.2225239048	0.2332640969	0.2332692469	0.0036996936
5	-0.2255592838	0.2362041329	0.2362092181	0.0036602600
5	-0.2285689255	0.2391573733	0.2391623850	0.0036240807
5	-0.2315475087	0.2421263236	0.2421312473	0.0035931657
5	-0.2344799111	0.2451181834	0.2451229958	0.0035696741
5	-0.2373272562	0.2481508665	0.2481555238	0.0035560198
5	-0.2389165686	0.2499997732	0.2500043081	0.0035536298
5	-0.2373302759	0.2518474979	0.2518519762	0.0035560152
5	-0.2344817335	0.2548795756	0.2548839851	0.0035696635
5	-0.2315493950	0.2578714367	0.2578757948	0.0035931508
5	-0.2285708522	0.2608403846	0.2608447001	0.0036240631
5	-0.2255612408	0.2637936224	0.2637979006	0.0036602409
5	-0.2225258872	0.2667336562	0.2667379001	0.0036996743
5	-0.2194510793	0.2696531183	0.2696573289	0.0037405089
5	-0.2163762714	0.2725725804	0.2725767578	0.0037810269
5	-0.2132808343	0.2754811226	0.2754852659	0.0038197456
5	-0.2101647791	0.2783786370	0.2783827435	0.0038552435
5	-0.2070277225	0.2812648018	0.2812688649	0.0038862830
5	-0.2038691841	0.2841392371	0.2841432386	0.0039117744
5	-0.2006906985	0.2870026712	0.2870065831	0.0039308196
5	-0.1974976454	0.2898579615	0.2898618408	0.0039426569
5	-0.1942509858	0.2926828691	0.2926867065	0.0039466940
5	-0.1910043262	0.2955077767	0.2955115721	0.0039425270
5	-0.1876987648	0.2982983260	0.2983020677	0.0039299169
5	-0.1843721527	0.3010763416	0.3010800253	0.0039087474
5	-0.1810161630	0.3038366370	0.3038402553	0.0038791254
5	-0.1776256790	0.3065757786	0.3065793225	0.0038412395
5	-0.1741983227	0.3092918839	0.3092953431	0.0037954305
5	-0.1707317706	0.3119830086	0.3119863711	0.0037421567
5	-0.1672235429	0.3146469995	0.3146502514	0.0036819603
5	-0.1637153153	0.3173109905	0.3173141318	0.0036155159
5	-0.1601256517	0.3199201874	0.3199231880	0.0035435455
5	-0.1564846845	0.3224936057	0.3224964434	0.0034668496
5	-0.1527910751	0.3250292489	0.3250318980	0.0033862394
5	-0.1490414954	0.3275234933	0.3275259238	0.0033026048
5	-0.1452318598	0.3299718285	0.3299740043	0.0032168063
5	-0.1413572960	0.3323686964	0.3323705743	0.0031297871
5	-0.1374118465	0.3347070540	0.3347085818	0.0030424880
5	-0.1333879665	0.3369776304	0.3369787447	0.0029558423
5	-0.1292760334	0.3391679413	0.3391685648	0.0028708479
5	-0.1250636998	0.3412607224	0.3412607600	0.0027884305
5	-0.1208513663	0.3433535035	0.3433529551	0.0027096193
5	-0.1164297012	0.3452179919	0.3452166419	0.0026352516
5	-0.1118571486	0.3468906810	0.3468883600	0.0025660738
5	-0.1071199347	0.3483159693	0.3483124826	0.0025025441
5	-0.1022134662	0.3494183242	0.3494134582	0.0024448000
5	-0.0971623271	0.3501215242	0.3501150787	0.0023923495
5	-0.0920277686	0.3503841786	0.3503760157	0.0023441968
5	-0.0868846204	0.3502288637	0.3502189437	0.0022990404
5	-0.0817851372	0.3497316970	0.3497200807	0.0022556275
5	-0.0767467948	0.3489855380	0.3489723379	0.0022131237
5	-0.0717640361	0.3480716999	0.3480570330	0.0021710088
5	-0.0667812774	0.3471578617	0.3471417280	0.0021290607
5	-0.0618811421	0.3460428304	0.3460254190	0.0020871254
5	-0.0569984513	0.3448901676	0.3448715267	0.0020452601
5	-0.0521250432	0.3437180347	0.3436981706	0.0020036073
5	-0.0472573317	0.3425341465	0.3425130290	0.0019623884
5	-0.0423938131	0.3413417093	0.3413192752	0.0019218970
5	-0.0375342682	0.3401412507	0.3401174059	0.0018824943
5	-0.0326793817	0.3389314723	0.3389060922	0.0018446045
5	-0.0278306135	0.3377095732	0.3376825004	0.0018087108
5	-0.0229903020	0.3364711321	0.3364421716	0.0017753708
5	-0.0181619977	0.3352096119	0.3351785213	0.0017451182
5	-0.0133336935	0.3339480918	0.3339148710	0.0017186723
5	-0.0085389402	0.3326244731	0.3325885445	0.0016966620
5	-0.0037811442	0.3312360827	0.3311969567	0.0016798424
5	0.0009052690	0.3297316737	0.3296886292	0.0016689856
5	0.0056586643	0.3278674370	0.3278196757	0.0016649044
5	0.0066892358	0.3304600580	0.3263990591	0.0016665785
5	0.0085308390	0.3348270478	0.3243894160	0.0016760626
5	0.0103716386	0.3392533304	0.3225131840	0.0016928298
5	0.0122024248	0.3436931916	0.3206593713	0.0017157571
5	0.0139888965	0.3481669456	0.3188442099	0.0017438780
5	0.0157145672	0.3526754314	0.3170563666	0.0017763305
5	0.0173666436	0.3572205218	0.3152918370	0.0018123997
5	0.0189338253	0.3618043288	0.3135501648	0.0018514628
5	0.0204055455	0.3664287911	0.3118328542	0.0018929858
5	0.0217716408	0.3710954781	0.3101427111	0.0019365028
5	0.0230204097	0.3758061624	0.3084841586	0.0019816372
5	0.0240317552	0.3805978234	0.3068973591	0.0020280737
5	0.0250431008	0.3853894844	0.3053105597	0.0020755431
5	0.0259236435	0.3902208667	0.3037668118	0.0021237920
5	0.0266716854	0.3950894032	0.3022706326	0.0021725994
5	0.0272888728	0.3999918868	0.3008265060	0.0022218022
5	0.0277807581	0.4049248193	0.2994390645	0.0022712534
5	0.0281570909	0.4098849432	0.2981138054	0.0023208291
5	0.0284392284	0.4148681710	0.2968534063	0.0023704194
5	0.0286517861	0.4198721402	0.2956634991	0.0024199604
5	0.0288279936	0.4248955284	0.2945520637	0.0024694259
5	0.0290112776	0.4299378686	0.2935312892	0.0025188365
5	0.0292566739	0.4349984707	0.2926197773	0.0025682843
5	0.0296306258	0.4400739895	0.2918451572	0.0026179848
5	0.0302067000	0.4451542886	0.2912456019	0.0026683401
5	0.0310551810	0.4502176013	0.2908665076	0.0027199804
5	0.0322260907	0.4552292142	0.2907504305	0.0027737423
5	0.0337339759	0.4601482798	0.2909231821	0.0028305456
5	0.0357694807	0.4648271048	0.2916058858	0.0028912463
5	0.0378049856	0.4695059297	0.2922885894	0.0029564862
5	0.0400551362	0.4740454093	0.2932000248	0.0030260853
5	0.0424697764	0.4784559102	0.2943035473	0.0030997548
5	0.0450062849	0.4827543994	0.2955644528	0.0031768554
5	0.0476311642	0.4869593852	0.2969532905	0.0032564934
5	0.0503189717	0.4910881894	0.2984464195	0.0033375956
5	0.0530505262	0.4951558778	0.3000254347	0.0034190446
5	0.0558112510	0.4991751153	0.3016761605	0.0034995993
5	0.0585899775	0.5031563586	0.3033876358	0.0035780413
5	0.0613780175	0.5071081321	0.3051514632	0.0036531611
5	0.0641684757	0.5110373846	0.3069611826	0.0037237855
5	0.0669557937	0.5149497676	0.3088118272	0.0037888379
5	0.0697354187	0.5188498756	0.3106995798	0.0038472938
5	0.0725035227	0.5227414272	0.3126216084	0.0038982777
5	0.0752568551	0.5266273739	0.3145759231	0.0039410193
5	0.0779917128	0.5305096879	0.3165631219	0.0039748593
5	0.0807066874	0.5343919322	0.3185775347	0.0039993451
5	0.0834109207	0.5382749698	0.3206048257	0.0040141420
5	0.0860691043	0.5421581835	0.3226918041	0.0040190940
5	0.0887272879	0.5460413972	0.3247787825	0.0040141747
5	0.0913335960	0.5499268369	0.3269261723	0.0039995388
5	0.0939252002	0.5538147244	0.3290868866	0.0039755001
5	0.0964868113	0.5577065250	0.3312761339	0.0039424601
5	0.0990166142	0.5615997589	0.3334995536	0.0039009700
5	0.1015144372	0.5654943012	0.3357565843	0.0038516985
5	0.1039790861	0.5693894039	0.3380488426	0.0037953947
5	0.1064091574	0.5732840483	0.3403784919	0.0037328795
5	0.1088031258	0.5771769214	0.3427481378	0.0036650370
5	0.1111580009	0.5810663220	0.3451622408	0.0035927475
5	0.1134723949	0.5849502082	0.3476239020	0.0035169554
5	0.1157443310	0.5888260613	0.3501372338	0.0034385864
5	0.1179714617	0.5926907151	0.3527072740	0.0033585605
5	0.1201512008	0.5965401408	0.3553400343	0.0032777475
5	0.1223309399	0.6003895665	0.3579727946	0.0031970079
5	0.1244154671	0.6041995829	0.3607367208	0.0031171012
5	0.1264435443	0.6079762999	0.3635869979	0.0030387272
5	0.1284133482	0.6117096861	0.3665336006	0.0029625622
5	0.1303225683	0.6153862908	0.3695894513	0.0028891057
5	0.1321693786	0.6189888741	0.3727693024	0.0028188869
5	0.1339525402	0.6224958295	0.3760892972	0.0027521666
5	0.1356716603	0.6258807782	0.3795660077	0.0026891654
5	0.1373272384	0.6291133239	0.3832143603	0.0026299286
5	0.1389206147	0.6321615826	0.3870445089	0.0025743725
5	0.1404540017	0.6349968048	0.3910583608	0.0025222331
5	0.1419873887	0.6378320270	0.3950722126	0.0024731961
5	0.1434088750	0.6402195573	0.3994057843	0.0024267193
5	0.1447805594	0.6423632005	0.4038806075	0.0023821990
5	0.1461103674	0.6442899186	0.4084653796	0.0023390845
5	0.1474059584	0.6460343314	0.4131322025	0.0022969296
5	0.1486746144	0.6476336887	0.4178580183	0.0022553544
5	0.1499225765	0.6491223159	0.4226253391	0.0022140325
5	0.1511550382	0.6505289816	0.4274214935	0.0021728442
5	0.1523760700	0.6518762172	0.4322375920	0.0021316469
5	0.1535888081	0.6531809301	0.4370674737	0.0020903927
5	0.1547958738	0.6544557040	0.4419067620	0.0020491436
5	0.1560029394	0.6557304780	0.4467460503	0.0020080307
5	0.1572036904	0.6569663395	0.4515969895	0.0019672593
5	0.1584052620	0.6581946790	0.4564496357	0.0019271074
5	0.1596102088	0.6594206384	0.4613020469	0.0018879212
5	0.1608214500	0.6606487725	0.4661523405	0.0018501109
5	0.1620425474	0.6618837807	0.4709984156	0.0018141465
5	0.1632780825	0.6631310597	0.4758376836	0.0017805537
5	0.1645342335	0.6643973944	0.4806666844	0.0017499317
5	0.1658197697	0.6656920355	0.4854804219	0.0017228708
5	0.1671487356	0.6670294651	0.4902706097	0.0017000666
5	0.1685010803	0.6683901691	0.4950476816	0.0016822431
5	0.1699900736	0.6698877687	0.4997424511	0.0016701627
5	0.1721669792	0.6720795885	0.5054811974	0.0016643821
5	0.1769007976	0.6768462394	0.5079218764	0.0016716338
5	0.1804609063	0.6804175496	0.5089573169	0.0016849388
5	0.1840438143	0.6840090181	0.5098318977	0.0017038127
5	0.1876434403	0.6876150658	0.5105666627	0.0017272699
5	0.1912533411	0.6912299913	0.5112004590	0.0017543874
5	0.1948701947	0.6948508973	0.5117555959	0.0017843514
5	0.1984921294	0.6984761662	0.5122452707	0.0018164027
5	0.2021204097	0.7021069073	0.5126377871	0.0018498330
5	0.2057486900	0.7057376483	0.5130303035	0.0018839734
5	0.2093794722	0.7093705302	0.5133772283	0.0019181857
5	0.2130122500	0.7130051201	0.5136829222	0.0019518728
5	0.2166466315	0.7166410818	0.5139509179	0.0019844366
5	0.2202823029	0.7202781426	0.5141842613	0.0020153365
5	0.2239190242	0.7239160860	0.5143852420	0.0020440764
5	0.2275566190	0.7275547115	0.5145557590	0.0020701396
5	0.2311950530	0.7311937354	0.5146974283	0.0020931222
5	0.2348351571	0.7348320597	0.5148114697	0.0021126213
5	0.2384807881	0.7384654888	0.5149027686	0.0021283184
5	0.2421479021	0.7420775401	0.5149810479	0.0021399230
5	0.2458935052	0.7456074919	0.5150843198	0.0021473310
5	0.2503873143	0.7480470302	0.5156802229	0.0021515378
5	0.2500000000	0.7500000000	0.5231100000	0.0021825602
6	0.0231100000	0.2500000000	0.2500000000	0.0021823894
6	0.0150324700	0.2500238000	0.2500202900	0.0021502877
6	0.0150322197	0.2536642215	0.2536600881	0.0021480696
6	0.0149827767	0.2573044806	0.2572997085	0.0021414340
6	0.0149189956	0.2609446351	0.2609392104	0.0021305639
6	0.0148322474	0.2645845647	0.2645784623	0.0021155681
6	0.0147207172	0.2682241722	0.2682173613	0.0020967271
6	0.0145831050	0.2718633522	0.2718557949	0.0020743499
6	0.0144166880	0.2755019537	0.2754936036	0.0020488323
6	0.0142199844	0.2791398264	0.2791306295	0.0020205705
6	0.0139911178	0.2827767893	0.2827666835	0.0019900756
6	0.0137622512	0.2864137521	0.2864027374	0.0019578392
6	0.0134696022	0.2900484935	0.2900364379	0.0019243976
6	0.0131355554	0.2936814967	0.2936683062	0.0018903452
6	0.0127575372	0.2973123969	0.2972979664	0.0018562754
6	0.0123307347	0.3009406537	0.3009248605	0.0018228207
6	0.0118486302	0.3045655177	0.3045482157	0.0017906461
6	0.0113020966	0.3081858965	0.3081669069	0.0017604548
6	0.0106773526	0.3118000563	0.3117791515	0.0017329988
6	0.0099512709	0.3154048859	0.3153817583	0.0017090920
6	0.0091831105	0.3190054164	0.3189799353	0.0016896194
6	0.0081385191	0.3225714012	0.3225427078	0.0016755837
6	0.0067640511	0.3260814375	0.3260485958	0.0016680348
6	0.0056233662	0.3277790159	0.3277433527	0.0016670233
6	0.0075977866	0.3326256119	0.3252533072	0.0016726452
6	0.0094307659	0.3370468081	0.3233575281	0.0016860983
6	0.0112667857	0.3414712626	0.3214723225	0.0017062583
6	0.0130702053	0.3459306166	0.3196385812	0.0017320883
6	0.0148195805	0.3504243733	0.3178367476	0.0017626617
6	0.0165003561	0.3549540762	0.3160597971	0.0017972081
6	0.0181003018	0.3595218109	0.3143057331	0.0018350565
6	0.0196081826	0.3641296752	0.3125752275	0.0018756313
6	0.0210132607	0.3687794690	0.3108705456	0.0019184397
6	0.0223047768	0.3734726457	0.3091951812	0.0019630432
6	0.0234673482	0.3782117670	0.3075550824	0.0020091162
6	0.0243847704	0.3830293939	0.3059899706	0.0020563624
6	0.0253021925	0.3878470209	0.3044248589	0.0021045362
6	0.0260825980	0.3927032568	0.3029054156	0.0021534012
6	0.0267249391	0.3975950066	0.3014360794	0.0022027514
6	0.0272316349	0.4025186273	0.3000211638	0.0022524360
6	0.0276091402	0.4074703061	0.2986650173	0.0023023176
6	0.0278682359	0.4124466157	0.2973727402	0.0023522707
6	0.0280314942	0.4174436443	0.2961464374	0.0024022104
6	0.0281246426	0.4224593782	0.2949912298	0.0024520687
6	0.0281820337	0.4274931201	0.2939147001	0.0025018262
6	0.0282485123	0.4325451940	0.2929283445	0.0025515210
6	0.0283807623	0.4376159236	0.2920502910	0.0026012338
6	0.0286469596	0.4427030507	0.2913079670	0.0026512053
6	0.0291226327	0.4477972970	0.2907394980	0.0027018602
6	0.0298798162	0.4528772164	0.2903904147	0.0027538599
6	0.0309694672	0.4579077084	0.2903033586	0.0028080985
6	0.0324054985	0.4628471937	0.2905035239	0.0028654871
6	0.0341631502	0.4676612078	0.2909900385	0.0029268874
6	0.0363586784	0.4722235249	0.2919204605	0.0029928712
6	0.0385542067	0.4767858421	0.2928508826	0.0030636115
6	0.0409188339	0.4812192323	0.2939708630	0.0031386171
6	0.0434090090	0.4855406291	0.2952457456	0.0032172505
6	0.0459905939	0.4897685070	0.2966461865	0.0032986101
6	0.0486377052	0.4939201339	0.2981487055	0.0033816485
6	0.0513308602	0.4980105173	0.2997350369	0.0034652495
6	0.0540553225	0.5020522303	0.3013911252	0.0035481863
6	0.0567997673	0.5060556768	0.3031061198	0.0036292628
6	0.0595553716	0.5100293710	0.3048716698	0.0037072889
6	0.0623151333	0.5139802676	0.3066813378	0.0037811565
6	0.0650733927	0.5179140560	0.3085301432	0.0038498043
6	0.0678254904	0.5218353992	0.3104142328	0.0039122716
6	0.0705675176	0.5257481209	0.3123306521	0.0039677447
6	0.0732961692	0.5296553607	0.3142771115	0.0040155267
6	0.0760086017	0.5335597507	0.3162517549	0.0040550495
6	0.0787009185	0.5374627089	0.3182565278	0.0040859344
6	0.0813718770	0.5413681779	0.3202848424	0.0041079505
6	0.0840310580	0.5452755838	0.3223248676	0.0041210652
6	0.0866415354	0.5491877447	0.3244179925	0.0041253832
6	0.0892520129	0.5530999056	0.3265111174	0.0041212150
6	0.0918064773	0.5570201325	0.3286575797	0.0041089480
6	0.0943440290	0.5609447235	0.3308160940	0.0040891722
6	0.0968340271	0.5648803041	0.3330096943	0.0040626094
6	0.0992931086	0.5688216421	0.3352276980	0.0040300861
6	0.1017159588	0.5727700238	0.3374728809	0.0039925276
6	0.1041388089	0.5767184055	0.3397180639	0.0039509514
6	0.1064832175	0.5806815160	0.3420198612	0.0039063962
6	0.1087771053	0.5846539384	0.3443562486	0.0038599885
6	0.1110160588	0.5886361316	0.3467290091	0.0038128620
6	0.1131933357	0.5926286645	0.3491414587	0.0037661690
6	0.1153003516	0.5966319932	0.3515980033	0.0037210341
6	0.1173261601	0.6006462097	0.3541045812	0.0036785698
6	0.1192564541	0.6046705998	0.3566695406	0.0036398527
6	0.1210718789	0.6087028048	0.3593051283	0.0036059201
6	0.1227451763	0.6127368480	0.3620304428	0.0035777087
6	0.1242757635	0.6167607860	0.3648528520	0.0035561157
6	0.1255381809	0.6207440395	0.3678596378	0.0035419479
6	0.1265637953	0.6255082856	0.3719652660	0.0035355544
6	0.1298770807	0.6293168090	0.3690707935	0.0035475891
6	0.1328395806	0.6323910749	0.3661944676	0.0035756153
6	0.1358042771	0.6354261163	0.3632790146	0.0036165601
6	0.1387699514	0.6384358355	0.3603384138	0.0036676999
6	0.1417356258	0.6414455548	0.3573978130	0.0037267368
6	0.1447014910	0.6444468860	0.3544488433	0.0037917080
6	0.1476673784	0.6474422883	0.3514938740	0.0038609126
6	0.1506331700	0.6504331542	0.3485342171	0.0039328638
6	0.1535987664	0.6534203467	0.3455706573	0.0040062312
6	0.1565640881	0.6564044467	0.3426037091	0.0040797439
6	0.1595290403	0.6593858402	0.3396336724	0.0041522445
6	0.1624935459	0.6623648147	0.3366607639	0.0042227940
6	0.1654575050	0.6653415546	0.3336850734	0.0042903338
6	0.1684207911	0.6683161302	0.3307065499	0.0043539664
6	0.1713824784	0.6712869781	0.3277227203	0.0044127062
6	0.1743441656	0.6742578260	0.3247388907	0.0044657317
6	0.1773048772	0.6772267089	0.3217521386	0.0045122577
6	0.1802644823	0.6801936238	0.3187623358	0.0045515527
6	0.1832228525	0.6831585572	0.3157693468	0.0045829889
6	0.1861799046	0.6861215463	0.3127731316	0.0046059377
6	0.1891360475	0.6890832263	0.3097747257	0.0046199560
6	0.1920880922	0.6920398150	0.3067672711	0.0046246872
6	0.1950401368	0.6949964036	0.3037598164	0.0046199022
6	0.1979870695	0.6979471027	0.3007415835	0.0046055418
6	0.2009319510	0.7008955853	0.2977191853	0.0045816116
6	0.2038735886	0.7038405972	0.2946902514	0.0045483589
6	0.2068113430	0.7067815206	0.2916535862	0.0045061691
6	0.2097445345	0.7097177103	0.2886079426	0.0044556258
6	0.2126724002	0.7126484405	0.2855519337	0.0043973920
6	0.2156002660	0.7155791707	0.2824959248	0.0043323840
6	0.2185163066	0.7184978938	0.2794172027	0.0042616519
6	0.2214238372	0.7214080771	0.2763223899	0.0041864020
6	0.2243212573	0.7243081637	0.2732086749	0.0041080115
6	0.2272063429	0.7271959761	0.2700721819	0.0040279575
6	0.2300760980	0.7300685725	0.2669077763	0.0039478829
6	0.2329263146	0.7329218135	0.2637083938	0.0038695842
6	0.2357507657	0.7357495660	0.2604638508	0.0037950229
6	0.2385395619	0.7385420806	0.2571585149	0.0037262237
6	0.2412752926	0.7412821846	0.2537661153	0.0036654524
6	0.2439934699	0.7440049583	0.2503457670	0.0036151219
6	0.2465190305	0.7465375471	0.2466432941	0.0035777702
6	0.2488503732	0.7488784568	0.2426954149	0.0035558829
6	0.2499653355	0.7500130188	0.2389190640	0.0035506029
6	0.2482263280	0.7517560453	0.2374404440	0.0035527092
6	0.2451986076	0.7547891770	0.2345884643	0.0035659296
6	0.2422065232	0.7577854123	0.2316608761	0.0035890556
6	0.2392376722	0.7607576579	0.2286855698	0.0036196661
6	0.2362844493	0.7637137864	0.2256788198	0.0036555952
6	0.2333437982	0.7666570103	0.2226471912	0.0036948274
6	0.2304146054	0.7695885398	0.2195932214	0.0037355028
6	0.2275056636	0.7724995747	0.2165005364	0.0037758984
6	0.2245967218	0.7754106096	0.2134078514	0.0038145279
6	0.2216986341	0.7783107050	0.2102947657	0.0038499640
6	0.2188116737	0.7811996231	0.2071610174	0.0038809642
6	0.2159361263	0.7840771075	0.2040063259	0.0039064240
6	0.2130718047	0.7869433729	0.2008312744	0.0039254604
6	0.2102154995	0.7898016296	0.1976418142	0.0039372959
6	0.2073891813	0.7926300379	0.1943994695	0.0039413336
6	0.2045628632	0.7954584463	0.1911571248	0.0039371644
6	0.2017704356	0.7982531867	0.1878567397	0.0039245449
6	0.1989903549	0.8010356729	0.1845356421	0.0039033546
6	0.1962277416	0.8038008580	0.1811856441	0.0038736967
6	0.1934859626	0.8065454037	0.1778017286	0.0038357564
6	0.1907668596	0.8092674992	0.1743815763	0.0037898723
6	0.1880723309	0.8119652777	0.1709229243	0.0037365006
6	0.1854044768	0.8146366720	0.1674233566	0.0036761825
6	0.1827366227	0.8173080664	0.1639237889	0.0036095922
6	0.1801225905	0.8199262432	0.1603442983	0.0035374521
6	0.1775436621	0.8225097300	0.1567144922	0.0034605642
6	0.1750017655	0.8250566307	0.1530330759	0.0033797417
6	0.1725004202	0.8275634732	0.1492967971	0.0032958775
6	0.1700440095	0.8300259266	0.1455016506	0.0032098362
6	0.1676379376	0.8324386445	0.1416428454	0.0031225657
6	0.1652890760	0.8347948173	0.1377144785	0.0030350135
6	0.1630064402	0.8370854961	0.1337090907	0.0029481204
6	0.1608022465	0.8392985334	0.1296170540	0.0028628952
6	0.1586934485	0.8414170420	0.1254259134	0.0027802769
6	0.1565846505	0.8435355506	0.1212347729	0.0027013094
6	0.1546995450	0.8454320535	0.1168358615	0.0026268549
6	0.1530034400	0.8471405184	0.1122855710	0.0025576905
6	0.1515529217	0.8486041326	0.1075680932	0.0024943098
6	0.1504262764	0.8497441131	0.1026760709	0.0024368821
6	0.1497047313	0.8504782927	0.0976321517	0.0023849276
6	0.1494345412	0.8507591273	0.0924990341	0.0023374235
6	0.1495938413	0.8506073325	0.0873558494	0.0022930088
6	0.1501027090	0.8501023078	0.0822581272	0.0022503700
6	0.1508636225	0.8493417546	0.0772239106	0.0022086250
6	0.1517920143	0.8484108364	0.0722467380	0.0021672538
6	0.1527204061	0.8474799183	0.0672695654	0.0021260142
6	0.1538467612	0.8463470063	0.0623758345	0.0020847463
6	0.1550079893	0.8451782834	0.0574987038	0.0020435022
6	0.1561866220	0.8439917665	0.0526300520	0.0020024183
6	0.1573754796	0.8427949659	0.0477664060	0.0019617096
6	0.1585717756	0.8415908696	0.0429063859	0.0019216636
6	0.1597752907	0.8403798070	0.0380498803	0.0018826355
6	0.1609875350	0.8391603131	0.0331976576	0.0018450439
6	0.1622114390	0.8379294560	0.0283512344	0.0018093665
6	0.1634514754	0.8366827245	0.0235129767	0.0017761366
6	0.1647141444	0.8354135455	0.0186864232	0.0017459602
6	0.1659768134	0.8341443666	0.0138598696	0.0017194351
6	0.1673003725	0.8328144223	0.0090661021	0.0016972632
6	0.1686869103	0.8314211879	0.0043082478	0.0016801742
6	0.1701936938	0.8299066807	-0.0003754088	0.0016689341
6	0.1721695158	0.8279178776	-0.0054793388	0.0016643006
6	0.1768716248	0.8231831425	-0.0079043612	0.0016714580
6	0.1804237607	0.8196189867	-0.0089905892	0.0016847012
6	0.1840084986	0.8160259448	-0.0098510956	0.0017035203
6	0.1876169306	0.8124122349	-0.0105000070	0.0017269342
6	0.1912253627	0.8087985249	-0.0111489185	0.0017540196
6	0.1948413428	0.8051783328	-0.0117143069	0.0017839578
6	0.1984626798	0.8015535509	-0.0122119433	0.0018159891
6	0.2020880286	0.7979253333	-0.0126520011	0.0018494042
6	0.2057164832	0.7942944554	-0.0130416290	0.0018835334
6	0.2093473917	0.7906614744	-0.0133861855	0.0019177403
6	0.2129802628	0.7870268108	-0.0136898884	0.0019514275
6	0.2166147071	0.7833907992	-0.0139563511	0.0019839968
6	0.2202504241	0.7797536971	-0.0141883362	0.0020149074
6	0.2238871722	0.7761157195	-0.0143882092	0.0020436627
6	0.2275299768	0.7724812934	-0.0145354839	0.0020697463
6	0.2311727813	0.7688468674	-0.0146827586	0.0020927535
6	0.2348216935	0.7652176798	-0.0148060652	0.0021122810
6	0.2384845719	0.7616020168	-0.0149112780	0.0021280104
6	0.2421829328	0.7580224959	-0.0150109006	0.0021396547
6	0.2459789687	0.7545479705	-0.0151471050	0.0021471338
6	0.2503950560	0.7519566600	-0.0156800687	0.0021513565
6	0.2500000000	0.7500000000	-0.0231100000	0.0021823895
7	0.0231100000	0.2500000000	0.2500000000	0.0021831925
7	0.0156852663	0.2488663727	0.2511336273	0.0021522324
7	0.0150239500	0.2500000000	0.2500000000	0.0021510216
7	0.0150239534	0.2536401076	0.2536401076	0.0021488040
7	0.0149746667	0.2572800485	0.2572800485	0.0021421690
7	0.0149110217	0.2609198779	0.2609198779	0.0021312992
7	0.0148243791	0.2645594699	0.2645594699	0.0021163026
7	0.0147129265	0.2681987244	0.2681987244	0.0020974590
7	0.0145753668	0.2718375322	0.2718375322	0.0020750769
7	0.0144089794	0.2754757380	0.2754757380	0.0020495513
7	0.0142122866	0.2791131876	0.2791131876	0.0020212781
7	0.0139834158	0.2827496959	0.2827496959	0.0019907678
7	0.0137545449	0.2863862042	0.2863862042	0.0019585116
7	0.0134618717	0.2900204242	0.2900204242	0.0019250452
7	0.0131277989	0.2936528588	0.2936528588	0.0018909626
7	0.0127497620	0.2972831381	0.2972831381	0.0018568567
7	0.0123229609	0.3009107136	0.3009107136	0.0018233596
7	0.0118408981	0.3045348261	0.3045348261	0.0017911355
7	0.0112944816	0.3081543700	0.3081543700	0.0017608871
7	0.0106699964	0.3117675947	0.3117675947	0.0017333656
7	0.0099444706	0.3153713691	0.3153713691	0.0017093838
7	0.0091766618	0.3189707605	0.3189707605	0.0016898347
7	0.0081328645	0.3225352559	0.3225352559	0.0016757013
7	0.0067587778	0.3260432933	0.3260432933	0.0016680424
7	0.0055964062	0.3277919392	0.3277919392	0.0016669703
7	0.0075415996	0.3253255635	0.3325749764	0.0016724596
7	0.0093723216	0.3234295561	0.3369970099	0.0016858233
7	0.0112060698	0.3215429571	0.3414218126	0.0017059198
7	0.0130073141	0.3197087048	0.3458818356	0.0017317107
7	0.0147543792	0.3179068142	0.3503764681	0.0017622678
7	0.0164326074	0.3161301016	0.3549072086	0.0017968194
7	0.0180297081	0.3143764951	0.3594761145	0.0018346937
7	0.0195344081	0.3126466248	0.3640852569	0.0018753143
7	0.0209359508	0.3109427306	0.3687364062	0.0019181881
7	0.0222235837	0.3092683082	0.3734309859	0.0019628858
7	0.0233819601	0.3076293438	0.3781715267	0.0020090621
7	0.0242948547	0.3060655323	0.3829904358	0.0020564300
7	0.0252077493	0.3045017207	0.3878093448	0.0021047432
7	0.0259835508	0.3029836404	0.3926667445	0.0021537647
7	0.0266213413	0.3015156971	0.3975595078	0.0022032874
7	0.0271236902	0.3001021693	0.4024839724	0.0022531593
7	0.0274972184	0.2987473713	0.4074363220	0.0023032416
7	0.0277528858	0.2974563786	0.4124131422	0.0023534163
7	0.0279134020	0.2962313023	0.4174105606	0.0024035772
7	0.0280046189	0.2950772479	0.4224265954	0.0024536747
7	0.0280609756	0.2940018197	0.4274605844	0.0025036583
7	0.0281273396	0.2930165511	0.4325128719	0.0025535939
7	0.0282603215	0.2921396080	0.4375837746	0.0026035517
7	0.0285278896	0.2913984250	0.4426709960	0.0026537720
7	0.0290052039	0.2908310582	0.4477652117	0.0027046797
7	0.0297638009	0.2904828672	0.4528449815	0.0027569268
7	0.0308541273	0.2903962952	0.4578753354	0.0028114269
7	0.0322898754	0.2905963402	0.4628149080	0.0028690792
7	0.0340463436	0.2910821458	0.4676294256	0.0029307436
7	0.0362398113	0.2920113967	0.4721929724	0.0029969914
7	0.0384332790	0.2929406477	0.4767565192	0.0030679962
7	0.0407956222	0.2940594177	0.4811914325	0.0031432673
7	0.0432834263	0.2953331981	0.4855145195	0.0032221685
7	0.0458626267	0.2967327440	0.4897441488	0.0033037987
7	0.0485073722	0.2982346377	0.4938975094	0.0033871108
7	0.0511981897	0.2998206538	0.4979895530	0.0034709883
7	0.0539203410	0.3014767652	0.5020328134	0.0035542032
7	0.0566624854	0.3031921414	0.5060376724	0.0036355576
7	0.0594157919	0.3049584532	0.5100126207	0.0037138591
7	0.0621732443	0.3067692843	0.5139645966	0.0037879967
7	0.0649291682	0.3086196775	0.5178992753	0.0038569057
7	0.0676788883	0.3105058059	0.5218213062	0.0039196215
7	0.0704184786	0.3124247458	0.5257344995	0.0039753261
7	0.0731446149	0.3143742436	0.5296419804	0.0040233181
7	0.0758544308	0.3163524883	0.5335463642	0.0040630245
7	0.0785439967	0.3183614790	0.5374490503	0.0040940614
7	0.0812120236	0.3203946786	0.5413539830	0.0041161926
7	0.0838682097	0.3224398663	0.5452607272	0.0041293901
7	0.0864752995	0.3245398489	0.5491714717	0.0041337239
7	0.0890823892	0.3266398316	0.5530822163	0.0041295284
7	0.0916328877	0.3287951559	0.5570001625	0.0041171757
7	0.0941663018	0.3309630889	0.5609222343	0.0040972506
7	0.0966516156	0.3331678177	0.5648545559	0.0040704695
7	0.0991055822	0.3353982112	0.5687920882	0.0040376538
7	0.1015227907	0.3376573137	0.5727359855	0.0039997235
7	0.1039399992	0.3399164162	0.5766798828	0.0039576910
7	0.1062775586	0.3422355583	0.5806369225	0.0039125896
7	0.1085637625	0.3445916545	0.5846021274	0.0038655403
7	0.1107940946	0.3469868061	0.5885757448	0.0038176711
7	0.1129616879	0.3494247533	0.5925580457	0.0037701276
7	0.1150578301	0.3519104201	0.5965490875	0.0037240272
7	0.1170714629	0.3544503700	0.6005484256	0.0036804737
7	0.1189882303	0.3570536875	0.6045546093	0.0036405334
7	0.1207889156	0.3597334354	0.6085642541	0.0036052300
7	0.1224469958	0.3625093863	0.6125699543	0.0035754825
7	0.1239603568	0.3653892586	0.6165595459	0.0035521641
7	0.1252110834	0.3684603299	0.6204971812	0.0035360490
7	0.1261580505	0.3717654034	0.6243286965	0.0035276843
7	0.1264383810	0.3737177779	0.6262822221	0.0035265092
7	0.1261580505	0.3756713035	0.6282345966	0.0035276843
7	0.1252110834	0.3795028188	0.6315396701	0.0035360490
7	0.1239603568	0.3834404541	0.6346107414	0.0035521641
7	0.1224469958	0.3874300457	0.6374906137	0.0035754825
7	0.1207889156	0.3914357459	0.6402665646	0.0036052300
7	0.1189882303	0.3954453907	0.6429463125	0.0036405334
7	0.1170714629	0.3994515744	0.6455496300	0.0036804737
7	0.1150578301	0.4034509125	0.6480895799	0.0037240272
7	0.1129616879	0.4074419544	0.6505752467	0.0037701276
7	0.1107940946	0.4114242552	0.6530131939	0.0038176711
7	0.1085637625	0.4153978726	0.6554083455	0.0038655403
7	0.1062775586	0.4193630775	0.6577644417	0.0039125896
7	0.1039399992	0.4233201172	0.6600835838	0.0039576910
7	0.1015227907	0.4272640145	0.6623426863	0.0039997235
7	0.0991055822	0.4312079118	0.6646017888	0.0040376538
7	0.0966516156	0.4351454441	0.6668321823	0.0040704695
7	0.0941663018	0.4390777657	0.6690369111	0.0040972506
7	0.0916328877	0.4429998375	0.6712048441	0.0041171757
7	0.0890823892	0.4469177837	0.6733601684	0.0041295284
7	0.0864752995	0.4508285283	0.6754601511	0.0041337239
7	0.0838682097	0.4547392728	0.6775601337	0.0041293901
7	0.0812120236	0.4586460170	0.6796053214	0.0041161926
7	0.0785439967	0.4625509497	0.6816385210	0.0040940614
7	0.0758544308	0.4664536358	0.6836475117	0.0040630245
7	0.0731446149	0.4703580196	0.6856257564	0.0040233181
7	0.0704184786	0.4742655005	0.6875752542	0.0039753261
7	0.0676788883	0.4781786938	0.6894941941	0.0039196215
7	0.0649291682	0.4821007247	0.6913803225	0.0038569057
7	0.0621732443	0.4860354034	0.6932307157	0.0037879967
7	0.0594157919	0.4899873793	0.6950415468	0.0037138591
7	0.0566624854	0.4939623276	0.6968078586	0.0036355576
7	0.0539203410	0.4979671866	0.6985232348	0.0035542032
7	0.0511981897	0.5020104470	0.7001793462	0.0034709883
7	0.0485073722	0.5061024906	0.7017653623	0.0033871108
7	0.0458626267	0.5102558512	0.7032672560	0.0033037987
7	0.0432834263	0.5144854805	0.7046668019	0.0032221685
7	0.0407956222	0.5188085675	0.7059405823	0.0031432673
7	0.0384332790	0.5232434808	0.7070593523	0.0030679962
7	0.0362398113	0.5278070276	0.7079886033	0.0029969914
7	0.0340463436	0.5323705744	0.7089178542	0.0029307436
7	0.0322898754	0.5371850920	0.7094036598	0.0028690792
7	0.0308541273	0.5421246646	0.7096037048	0.0028114269
7	0.0297638009	0.5471550185	0.7095171328	0.0027569268
7	0.0290052039	0.5522347883	0.7091689418	0.0027046797
7	0.0285278896	0.5573290040	0.7086015750	0.0026537720
7	0.0282603215	0.5624162254	0.7078603920	0.0026035517
7	0.0281273396	0.5674871281	0.7069834489	0.0025535939
7	0.0280609756	0.5725394156	0.7059981803	0.0025036583
7	0.0280046189	0.5775734046	0.7049227521	0.0024536747
7	0.0279134020	0.5825894394	0.7037686977	0.0024035772
7	0.0277528858	0.5875868578	0.7025436214	0.0023534163
7	0.0274972184	0.5925636780	0.7012526287	0.0023032416
7	0.0271236902	0.5975160276	0.6998978307	0.0022531593
7	0.0266213413	0.6024404922	0.6984843029	0.0022032874
7	0.0259835508	0.6073332555	0.6970163596	0.0021537647
7	0.0252077493	0.6121906552	0.6954982793	0.0021047432
7	0.0242948547	0.6170095642	0.6939344677	0.0020564300
7	0.0233819601	0.6218284733	0.6923706562	0.0020090621
7	0.0222235837	0.6265690141	0.6907316918	0.0019628858
7	0.0209359508	0.6312635938	0.6890572694	0.0019181881
7	0.0195344081	0.6359147431	0.6873533752	0.0018753143
7	0.0180297081	0.6405238855	0.6856235049	0.0018346937
7	0.0164326074	0.6450927914	0.6838698984	0.0017968194
7	0.0147543792	0.6496235319	0.6820931858	0.0017622678
7	0.0130073141	0.6541181644	0.6802912952	0.0017317107
7	0.0112060698	0.6585781874	0.6784570429	0.0017059198
7	0.0093723216	0.6630029901	0.6765704439	0.0016858233
7	0.0075415996	0.6674250236	0.6746744365	0.0016724596
7	0.0055964062	0.6722080608	0.6722080608	0.0016669703
7	0.0067587778	0.6739567067	0.6739567067	0.0016680424
7	0.0081328645	0.6774647441	0.6774647441	0.0016757013
7	0.0091766618	0.6810292395	0.6810292395	0.0016898347
7	0.0099444706	0.6846286309	0.6846286309	0.0017093838
7	0.0106699964	0.6882324053	0.6882324053	0.0017333656
7	0.0112944816	0.6918456300	0.6918456300	0.0017608871
7	0.0118408981	0.6954651739	0.6954651739	0.0017911355
7	0.0123229609	0.6990892864	0.6990892864	0.0018233596
7	0.0127497620	0.7027168619	0.7027168619	0.0018568567
7	0.0131277989	0.7063471412	0.7063471412	0.0018909626
7	0.0134618717	0.7099795758	0.7099795758	0.0019250452
7	0.0137545449	0.7136137958	0.7136137958	0.0019585116
7	0.0139834158	0.7172503041	0.7172503041	0.0019907678
7	0.0142122866	0.7208868124	0.7208868124	0.0020212781
7	0.0144089794	0.7245242620	0.7245242620	0.0020495513
7	0.0145753668	0.7281624678	0.7281624678	0.0020750769
7	0.0147129265	0.7318012756	0.7318012756	0.0020974590
7	0.0148243791	0.7354405301	0.7354405301	0.0021163026
7	0.0149110217	0.7390801221	0.7390801221	0.0021312992
7	0.0149746667	0.7427199515	0.7427199515	0.0021421690
7	0.0150239534	0.7463598924	0.7463598924	0.0021488040
7	0.0150239534	0.7500000000	0.7500000000	0.0021510217
7	0.0156852663	0.7511336273	0.7488663727	0.0021522324
7	0.0231100000	0.7500000000	0.7500000000	0.0021831925
8	0.0231100000	0.2500000000	0.2500000000	0.0021831925
8	0.0156852663	0.2488663727	0.2511336273	0.0021522324
8	0.0179428807	0.2455949858	0.2544050142	0.0021692710
8	0.0203266114	0.2423686414	0.2576313586	0.0022043751
8	0.0227410548	0.2391537363	0.2608462637	0.0022550669
8	0.0251761716	0.2359466368	0.2640533632	0.0023191661
8	0.0276188940	0.2327424307	0.2672575693	0.0023947109
8	0.0300630299	0.2295387635	0.2704612365	0.0024799622
8	0.0325053531	0.2263344051	0.2736655949	0.0025732071
8	0.0349440020	0.2231286479	0.2768713521	0.0026729618
8	0.0373747301	0.2199198842	0.2800801158	0.0027777567
8	0.0398054582	0.2167111206	0.2832888794	0.0028861824
8	0.0422318284	0.2135007083	0.2864992917	0.0029969239
8	0.0446540939	0.2102887464	0.2897112536	0.0031087251
8	0.0470727524	0.2070754259	0.2929245741	0.0032204063
8	0.0494885193	0.2038610178	0.2961389822	0.0033308770
8	0.0519023283	0.2006458745	0.2993541255	0.0034391521
8	0.0543153582	0.1974304388	0.3025695612	0.0035443696
8	0.0567290897	0.1942152663	0.3057847337	0.0036458096
8	0.0591454473	0.1910010803	0.3089989197	0.0037429126
8	0.0615675558	0.1877890593	0.3122109407	0.0038353059
8	0.0640114362	0.1845852947	0.3154147053	0.0039227767
8	0.0664553166	0.1813815300	0.3186184700	0.0040053393
8	0.0689159580	0.1781841865	0.3218158135	0.0040832000
8	0.0713999444	0.1749958814	0.3250041186	0.0041567856
8	0.0739142775	0.1718194922	0.3281805078	0.0042266355
8	0.0764686221	0.1686591053	0.3313408947	0.0042935758
8	0.0790750870	0.1655200682	0.3344799318	0.0043585023
8	0.0817485646	0.1624093380	0.3375906620	0.0044224625
8	0.0845066679	0.1593357705	0.3406642295	0.0044865103
8	0.0873686653	0.1563100691	0.3436899309	0.0045517643
8	0.0903533868	0.1533442467	0.3466557533	0.0046192623
8	0.0934760583	0.1504503143	0.3495496857	0.0046899005
8	0.0967452503	0.1476384509	0.3523615491	0.0047643508
8	0.1001612681	0.1449152552	0.3550847448	0.0048429899
8	0.1037166970	0.1422827950	0.3577172049	0.0049258538
8	0.1073986675	0.1397387962	0.3602612038	0.0050126307
8	0.1111916792	0.1372777162	0.3627222838	0.0051026919
8	0.1150799733	0.1348921412	0.3651078588	0.0051951315
8	0.1190490160	0.1325740096	0.3674259904	0.0052889435
8	0.1230862069	0.1303154861	0.3696845139	0.0053828417
8	0.1271814208	0.1281098127	0.3718901873	0.0054756482
8	0.1313605887	0.1259843336	0.3740156664	0.0055661037
8	0.1355397565	0.1238588544	0.3761411456	0.0056529997
8	0.1397557361	0.1217700410	0.3782299590	0.0057351909
8	0.1440035008	0.1197136773	0.3802863227	0.0058116231
8	0.1482789062	0.1176861572	0.3823138428	0.0058813442
8	0.1525784075	0.1156842761	0.3843157239	0.0059435078
8	0.1568989568	0.1137051827	0.3862948173	0.0059973952
8	0.1612377678	0.1117461668	0.3882538332	0.0060423429
8	0.1655922028	0.1098045613	0.3901954387	0.0060778561
8	0.1699600455	0.1078780727	0.3921219273	0.0061035299
8	0.1743357868	0.1059605671	0.3940394329	0.0061190664
8	0.1787292443	0.1040634246	0.3959365754	0.0061242715
8	0.1831227017	0.1021662822	0.3978337178	0.0061190516
8	0.1875262053	0.1002808216	0.3997191784	0.0061034101
8	0.1919297422	0.0983953999	0.4016046001	0.0060774433
8	0.1963324365	0.0965089945	0.4034910055	0.0060413360
8	0.2007323549	0.0946193536	0.4053806464	0.0059953566
8	0.2051273407	0.0927239820	0.4072760180	0.0059398249
8	0.2095151878	0.0908203584	0.4091796416	0.0058752390
8	0.2139030348	0.0889167348	0.4110832652	0.0058020218
8	0.2182732423	0.0869929295	0.4130070705	0.0057207466
8	0.2226299528	0.0850538780	0.4149461220	0.0056320295
8	0.2269711798	0.0830975402	0.4169024598	0.0055365455
8	0.2312948717	0.0811218814	0.4188781186	0.0054350083
8	0.2355988899	0.0791248593	0.4208751407	0.0053282094
8	0.2398810435	0.0771044721	0.4228955279	0.0052170373
8	0.2441390026	0.0750586775	0.4249413225	0.0051024044
8	0.2483701406	0.0729852457	0.4270147543	0.0049852728
8	0.2525712973	0.0708815525	0.4291184475	0.0048667013
8	0.2567384146	0.0687442762	0.4312557238	0.0047478344
8	0.2609055319	0.0666069998	0.4333930002	0.0046299266
8	0.2649974403	0.0643982611	0.4356017389	0.0045143219
8	0.2690341534	0.0621393106	0.4378606894	0.0044024909
8	0.2730009610	0.0598192670	0.4401807330	0.0042960490
8	0.2768729706	0.0574204851	0.4425795149	0.0041966773
8	0.2806075388	0.0549151142	0.4450848858	0.0041062041
8	0.2841749924	0.0522908007	0.4477091993	0.0040264646
8	0.2873956318	0.0494510605	0.4505489395	0.0039589779
8	0.2900368777	0.0463265935	0.4536734065	0.0039044378
8	0.2917620910	0.0428969867	0.4571030133	0.0038616469
8	0.2924373392	0.0392883299	0.4607116701	0.0038276135
8	0.2925854724	0.0356497296	0.4643502704	0.0037992934
8	0.2920161874	0.0320319484	0.4679680516	0.0037750271
8	0.2914015596	0.0284178787	0.4715821213	0.0037542380
8	0.2908592635	0.0247980249	0.4752019751	0.0037366883
8	0.2903878664	0.0211732110	0.4788267890	0.0037221434
8	0.2899779179	0.0175446638	0.4824553362	0.0037103330
8	0.2896939301	0.0139100993	0.4860899007	0.0037011092
8	0.2894850008	0.0102729908	0.4897270092	0.0036942321
8	0.2893405887	0.0066343158	0.4933656842	0.0036895582
8	0.2892634047	0.0029946173	0.4970053827	0.0036869287
8	0.2892424250	0.0000000000	0.5000000000	0.0036862611
8	0.2892634047	-0.0029946173	0.5029946173	0.0036869287
8	0.2893405887	-0.0066343158	0.5066343158	0.0036895582
8	0.2894850008	-0.0102729908	0.5102729908	0.0036942321
8	0.2896939301	-0.0139100993	0.5139100993	0.0037011092
8	0.2899779179	-0.0175446638	0.5175446638	0.0037103330
8	0.2903878664	-0.0211732110	0.5211732110	0.0037221434
8	0.2908592635	-0.0247980249	0.5247980249	0.0037366883
8	0.2914015596	-0.0284178787	0.5284178787	0.0037542380
8	0.2920161874	-0.0320319484	0.5320319484	0.0037750271
8	0.2925854724	-0.0356497296	0.5356497296	0.0037992934
8	0.2924373392	-0.0392883299	0.5392883299	0.0038276135
8	0.2917620910	-0.0428969867	0.5428969867	0.0038616469
8	0.2900368777	-0.0463265935	0.5463265935	0.0039044378
8	0.2873956318	-0.0494510605	0.5494510605	0.0039589779
8	0.2841749924	-0.0522908007	0.5522908007	0.0040264646
8	0.2806075388	-0.0549151142	0.5549151142	0.0041062041
8	0.2768729706	-0.0574204851	0.5574204851	0.0041966773
8	0.2730009610	-0.0598192670	0.5598192670	0.0042960490
8	0.2690341534	-0.0621393106	0.5621393106	0.0044024909
8	0.2649974403	-0.0643982611	0.5643982611	0.0045143219
8	0.2609055319	-0.0666069998	0.5666069998	0.0046299266
8	0.2567384146	-0.0687442762	0.5687442762	0.0047478344
8	0.2525712973	-0.0708815525	0.5708815525	0.0048667013
8	0.2483701406	-0.0729852457	0.5729852457	0.0049852728
8	0.2441390026	-0.0750586775	0.5750586775	0.0051024044
8	0.2398810435	-0.0771044721	0.5771044721	0.0052170373
8	0.2355988899	-0.0791248593	0.5791248593	0.0053282094
8	0.2312948717	-0.0811218814	0.5811218814	0.0054350083
8	0.2269711798	-0.0830975402	0.5830975402	0.0055365455
8	0.2226299528	-0.0850538780	0.5850538780	0.0056320295
8	0.2182732423	-0.0869929295	0.5869929295	0.0057207466
8	0.2139030348	-0.0889167348	0.5889167348	0.0058020218
8	0.2095151878	-0.0908203584	0.5908203584	0.0058752390
8	0.2051273407	-0.0927239820	0.5927239820	0.0059398249
8	0.2007323549	-0.0946193536	0.5946193536	0.0059953566
8	0.1963324365	-0.0965089945	0.5965089945	0.0060413360
8	0.1919297422	-0.0983953999	0.5983953999	0.0060774433
8	0.1875262053	-0.1002808216	0.6002808216	0.0061034101
8	0.1831227017	-0.1021662822	0.6021662822	0.0061190516
8	0.1787292443	-0.1040634246	0.6040634246	0.0061242715
8	0.1743357868	-0.1059605671	0.6059605671	0.0061190664
8	0.1699600455	-0.1078780727	0.6078780727	0.0061035299
8	0.1655922028	-0.1098045613	0.6098045613	0.0060778561
8	0.1612377678	-0.1117461668	0.6117461668	0.0060423429
8	0.1568989568	-0.1137051827	0.6137051827	0.0059973952
8	0.1525784075	-0.1156842761	0.6156842761	0.0059435078
8	0.1482789062	-0.1176861572	0.6176861572	0.0058813442
8	0.1440035008	-0.1197136773	0.6197136773	0.0058116231
8	0.1397557361	-0.1217700410	0.6217700410	0.0057351909
8	0.1355397565	-0.1238588544	0.6238588544	0.0056529997
8	0.1313605887	-0.1259843336	0.6259843336	0.0055661037
8	0.1271814208	-0.1281098127	0.6281098127	0.0054756482
8	0.1230862069	-0.1303154861	0.6303154861	0.0053828417
8	0.1190490160	-0.1325740096	0.6325740096	0.0052889435
8	0.1150799733	-0.1348921412	0.6348921412	0.0051951315
8	0.1111916792	-0.1372777162	0.6372777162	0.0051026919
8	0.1073986675	-0.1397387962	0.6397387962	0.0050126307
8	0.1037166970	-0.1422827951	0.6422827950	0.0049258538
8	0.1001612681	-0.1449152552	0.6449152552	0.0048429899
8	0.0967452503	-0.1476384509	0.6476384509	0.0047643508
8	0.0934760583	-0.1504503143	0.6504503143	0.0046899005
8	0.0903533868	-0.1533442467	0.6533442467	0.0046192623
8	0.0873686653	-0.1563100691	0.6563100691	0.0045517643
8	0.0845066679	-0.1593357705	0.6593357705	0.0044865103
8	0.0817485646	-0.1624093380	0.6624093380	0.0044224625
8	0.0790750870	-0.1655200682	0.6655200682	0.0043585023
8	0.0764686221	-0.1686591053	0.6686591053	0.0042935758
8	0.0739142775	-0.1718194922	0.6718194922	0.0042266355
8	0.0713999444	-0.1749958814	0.6749958814	0.0041567856
8	0.0689159580	-0.1781841865	0.6781841865	0.0040832000
8	0.0664553166	-0.1813815300	0.6813815300	0.0040053393
8	0.0640114362	-0.1845852947	0.6845852947	0.0039227767
8	0.0615675558	-0.1877890593	0.6877890593	0.0038353059
8	0.0591454473	-0.1910010803	0.6910010803	0.0037429126
8	0.0567290897	-0.1942152663	0.6942152663	0.0036458096
8	0.0543153582	-0.1974304388	0.6974304388	0.0035443696
8	0.0519023283	-0.2006458745	0.7006458745	0.0034391521
8	0.0494885193	-0.2038610178	0.7038610178	0.0033308770
8	0.0470727524	-0.2070754259	0.7070754259	0.0032204063
8	0.0446540939	-0.2102887464	0.7102887464	0.0031087251
8	0.0422318284	-0.2135007083	0.7135007083	0.0029969239
8	0.0398054582	-0.2167111206	0.7167111206	0.0028861824
8	0.0373747301	-0.2199198842	0.7199198842	0.0027777567
8	0.0349440020	-0.2231286479	0.7231286479	0.0026729618
8	0.0325053531	-0.2263344051	0.7263344051	0.0025732071
8	0.0300630299	-0.2295387635	0.7295387635	0.0024799622
8	0.0276188940	-0.2327424307	0.7327424307	0.0023947109
8	0.0251761716	-0.2359466368	0.7359466368	0.0023191661
8	0.0227410548	-0.2391537363	0.7391537363	0.0022550669
8	0.0203266114	-0.2423686414	0.7423686414	0.0022043751
8	0.0179428807	-0.2455949858	0.7455949858	0.0021692710
8	0.0156852663	-0.2488663727	0.7488663727	0.0021522324
8	0.0231100000	-0.2500000000	0.7500000000	0.0021831925
